#   80.011  -3.517   6.485 ;Mean Elev.(m), Avg Gradient(m/km), RMS Gradient(m/km) - SRTM1     
#   64.181  -3.409   6.863 ;Mean Elev.(m), Avg Gradient(m/km), RMS Gradient(m/km) - ASTER GDEM
#   80.185  -3.442   6.438 ;Mean Elev.(m), Avg Gradient(m/km), RMS Gradient(m/km) - GMTED2010 
   2 310.682782  -5.150940    72.446    72.451  9 54673.36181772 52.958
   3 310.682699  -5.148818    73.653    73.125  9 54683.27746118 38.129
   4 310.682997  -5.152865    71.083    71.056  9 54693.19310208 52.953
   5 310.684421  -5.159011    70.474    70.537  7 54703.10874018 46.607
   6 310.683925  -5.159446    71.906    71.275  7 54713.02438908 28.426
   7 310.683727  -5.152588    69.407    69.413  9 54722.94004116 37.038
   8 310.682194  -5.144347    69.575    69.051 10 54732.85569130 32.044
   9 310.680963  -5.137337    69.002    68.950 14 54742.77133999 47.397
  10 310.680543  -5.134964    68.707    68.692 14 54752.68698767 36.342
  11 310.681073  -5.134994    69.305    69.163 14 54762.60263463 33.708
  12 310.681408  -5.137417    72.078    71.718 13 54772.51827853 28.140
  13 310.681403  -5.140082    73.553    75.181 12 54782.43391932 25.285
  14 310.681659  -5.142424    69.471    68.979 11 54792.34955750 41.181
  15 310.682211  -5.146172    70.338    70.304 10 54802.26519407 47.722
  16 310.682676  -5.151981    72.156    72.141  9 54812.18082999 52.959
  17 310.683786  -5.152631    72.472    72.502  9 54822.09647183 53.164
  18 310.682640  -5.149826    73.361    73.348 10 54832.01211269 53.167
  19 310.681545  -5.144293    73.197    73.218 11 54841.92776405 50.082
  20 310.680869  -5.137074    73.191    73.131 13 54851.84341475 43.897
  21 310.679882  -5.133757    76.842    77.236 14 54861.75906444 32.085
  22 310.680316  -5.129920    78.460    78.188 13 54871.67471440 29.762
  23 310.680202  -5.131368    75.289    75.156 14 54881.59036150 43.826
  24 310.680170  -5.133861    76.912    76.845 14 54891.50600491 29.001
  25 310.680035  -5.133093    76.063    76.064 14 54901.42164584 50.497
  26 310.680097  -5.130780    77.537    77.276 14 54911.33728504 30.405
  27 310.679793  -5.132646    76.868    76.839 14 54921.25292198 49.953
  28 310.680747  -5.137711    77.402    77.231 13 54931.16855772 31.901
  29 310.681573  -5.148147    77.973    77.958  9 54941.08419094 55.214
  30 310.684158  -5.153281    78.574    78.586  9 54950.99982381 54.471
  31 310.683981  -5.155618    79.837    79.868  8 54960.91546361 39.378
  32 310.683063  -5.151285    78.934    79.016  9 54970.83111297 37.643
  33 310.682788  -5.148004    77.708    77.684  9 54980.74676123 43.901
  34 310.682571  -5.146680    76.592    76.620 10 54990.66240884 32.276
  35 310.681985  -5.145718    75.521    75.529 11 55000.57805610 42.187
  36 310.681764  -5.143633    74.488    74.512 11 55010.49370168 38.679
  37 310.681621  -5.142871    73.938    73.963 11 55020.40934526 43.384
  38 310.681633  -5.142611    73.230    73.254 11 55030.32498739 48.222
  39 310.682225  -5.142457    72.536    72.531 11 55040.24062875 43.372
  40 310.682737  -5.148146    71.762    71.769  9 55050.15626751 51.206
  41 310.684075  -5.152753    70.811    70.844  9 55060.07190447 52.741
  42 310.684100  -5.154771    74.291    74.437  8 55069.98754452 31.898
  43 310.682856  -5.149308    70.012    69.503  9 55079.90319482 36.388
  44 310.681567  -5.142679    73.147    75.194 11 55089.81884378 25.552
  45 310.680702  -5.138019    68.748    68.782 13 55099.73449154 38.929
  46 310.680612  -5.136936    71.596    71.370 14 55109.65013817 30.310
  47 310.681319  -5.138072    71.854    72.234 13 55119.56578296 28.985
  48 310.681586  -5.140147    75.605    75.955 12 55129.48142490 23.859
  49 310.681044  -5.141718    70.702    70.025 12 55139.39706466 36.690
  50 310.681534  -5.141074    71.270    71.276 12 55149.31270350 50.989
  51 310.682116  -5.145096    71.975    71.944 10 55159.22834085 54.145
  52 310.682916  -5.151134    71.807    71.807  9 55169.14397748 50.608
  53 310.683905  -5.156083    73.285    73.290  8 55179.05961332 53.609
  54 310.683906  -5.151845    73.178    73.196  9 55188.97526029 39.433
  55 310.682187  -5.145299    74.340    74.327 10 55198.89091226 46.462
  56 310.681399  -5.138910    75.645    75.641 12 55208.80656368 48.747
  57 310.680885  -5.137254    76.331    76.586 14 55218.72221375 28.214
  58 310.680816  -5.135836    76.744    76.704 14 55228.63786303 28.746
  59 310.680722  -5.135566    76.802    76.711 14 55238.55350889 28.520
  60 310.680580  -5.134605    76.604    76.634 14 55248.46915112 42.255
  61 310.679926  -5.133605    77.183    77.360 15 55258.38479065 29.761
  62 310.679960  -5.133793    76.698    76.691 15 55268.30042886 55.219
  63 310.680509  -5.136853    77.030    77.024 14 55278.21606602 55.588
  64 310.682221  -5.141798    77.360    77.313 11 55288.13170162 54.158
  65 310.683313  -5.151387    78.614    78.651  9 55298.04733388 55.084
  66 310.683766  -5.151416    78.315    78.325  9 55307.96297597 42.844
  67 310.682294  -5.148424    76.605    76.595  9 55317.87862252 31.327
  68 310.681543  -5.144561    75.811    75.826 11 55327.79426850 41.668
  69 310.681685  -5.143338    76.020    76.152 11 55337.70991343 27.891
  70 310.682074  -5.145247    75.844    75.948 10 55347.62555724 34.029
  71 310.681981  -5.148081    74.653    74.531 10 55357.54119914 40.013
  72 310.681995  -5.147895    73.628    73.622 10 55367.45683940 39.934
  73 310.682602  -5.146565    73.273    73.262 10 55377.37247831 47.486
  74 310.682625  -5.150514    72.641    72.641  9 55387.28811503 53.206
  75 310.683845  -5.154947    73.792    74.198  9 55397.20375081 40.860
  76 310.683992  -5.160512    70.878    70.878  7 55407.11939219 54.029
  77 310.684122  -5.154357    70.182    70.184  9 55417.03504411 49.962
  78 310.682460  -5.150227    69.360    69.400  9 55426.95069221 37.740
  79 310.681888  -5.143571    69.529    69.055 10 55436.86633854 33.502
  80 310.681040  -5.140878    69.133    68.652 12 55446.78198307 34.872
  81 310.681660  -5.138926    68.383    68.385 12 55456.69762727 46.169
  82 310.681625  -5.142957    69.911    68.993 11 55466.61326953 31.364
  83 310.682322  -5.147658    70.838    68.997  9 55476.52890851 29.514
  84 310.682911  -5.151546    71.660    69.698  9 55486.44454437 27.615
  85 310.683227  -5.153557    69.801    69.791  9 55496.36017818 46.785
  86 310.683857  -5.153923    70.202    70.245  8 55506.27581355 50.065
  87 310.683257  -5.149290    69.988    70.000  9 55516.19146476 47.658
  88 310.682792  -5.149456    70.825    70.858  9 55526.10711412 43.729
  89 310.682323  -5.148850    71.475    71.462  9 55536.02276168 47.508
  90 310.682234  -5.144501    75.597    75.651 10 55545.93840813 14.175
  91 310.681699  -5.139839    72.378    72.398 12 55555.85405298 46.263
  92 310.681371  -5.137824    72.264    72.277 13 55565.76969665 48.376
  93 310.681835  -5.140627    73.565    73.578 12 55575.68533882 38.083
  94 310.681957  -5.146791    76.667    76.463 10 55585.60097855 23.799
  95 310.682563  -5.151608    75.221    75.190  9 55595.51661518 42.237
  96 310.683610  -5.152212    75.732    75.696  9 55605.43224929 52.708
  97 310.683862  -5.155103    77.336    77.336  9 55615.34788043 44.143
  98 310.683809  -5.155088    78.796    78.735  9 55625.26352063 32.030
  99 310.683272  -5.150746    78.949    78.972  9 55635.17917322 46.541
 100 310.683141  -5.149052    78.372    78.349  8 55645.09482316 55.630
 101 310.682462  -5.149603    78.617    78.642  9 55655.01046985 43.851
 102 310.682645  -5.147462    78.765    78.751 10 55664.92611280 52.448
 103 310.681739  -5.147499    78.515    78.489 10 55674.84175248 50.097
 104 310.682174  -5.146407    78.091    78.121  9 55684.75739112 30.384
 105 310.682913  -5.150482    77.649    77.652  9 55694.67302753 49.951
 106 310.684236  -5.157782    77.027    77.019  8 55704.58866198 48.706
 107 310.684150  -5.158020    75.475    75.494  8 55714.50430877 48.380
 108 310.683084  -5.152982    74.614    74.612  9 55724.41995855 51.434
 109 310.682142  -5.147524    73.915    73.957 10 55734.33560628 49.144
 110 310.682095  -5.143433    73.582    73.580 11 55744.25125237 47.118
 111 310.682101  -5.144189    73.490    73.522 11 55754.16689595 41.352
 112 310.682551  -5.148995    73.454    73.372  9 55764.08253646 48.329
 113 310.683576  -5.151677    72.389    72.404  9 55773.99817478 43.692
 114 310.683940  -5.152776    72.235    71.980  9 55783.91381026 39.974
 115 310.683889  -5.155673    72.225    71.191  9 55793.82944327 39.366
 116 310.684016  -5.159302    73.855    74.059  7 55803.74507932 26.558
 117 310.683966  -5.155624    71.981    72.480  8 55813.66073021 35.553
 118 310.683713  -5.155567    73.309    73.693  8 55823.57637838 28.491
 119 310.684016  -5.155436    74.147    74.020  8 55833.49202184 25.039
 120 310.684316  -5.155442    73.282    73.651  8 55843.40766094 27.702
 121 310.683965  -5.158182    70.210    70.222  7 55853.32329615 51.856
 122 310.684287  -5.159989    70.438    70.459  6 55863.23893194 54.177
 123 310.683748  -5.151897    71.276    71.227  9 55873.15458732 51.376
 124 310.683248  -5.152362    71.878    71.882  9 55883.07023588 51.576
 125 310.683392  -5.153997    72.233    72.219  9 55892.98587805 52.580
 126 310.683799  -5.157604    74.843    74.922  8 55902.90151450 31.264
 127 310.684188  -5.158553    73.447    73.422  8 55912.81715146 51.552
 128 310.682320  -5.149907    74.849    74.926  9 55922.73280790 29.361
 129 310.681993  -5.144169    74.506    74.339 10 55932.64846103 37.725
 130 310.681837  -5.143374    76.732    76.693 11 55942.56410885 43.591
 131 310.681533  -5.144252    77.222    77.212 11 55952.47975181 34.166
 132 310.681985  -5.142500    77.760    77.774 11 55962.39539172 51.039
 133 310.682084  -5.142903    77.756    77.737 11 55972.31102877 38.906
 134 310.682452  -5.148730    78.572    78.581  9 55982.22666327 44.195
 135 310.684111  -5.156836    77.928    78.010  8 55992.14229579 31.670
 136 310.684095  -5.156443    77.613    77.610  7 56002.05794293 31.139
 137 310.683440  -5.151163    77.990    78.005  9 56011.97359344 31.317
 138 310.682089  -5.147673    77.460    77.450 10 56021.88924012 46.468
 139 310.681993  -5.142825    76.659    76.605 11 56031.80488458 28.791
 140 310.681923  -5.143674    76.338    76.350 10 56041.72052597 39.462
 141 310.682476  -5.147505    75.909    75.777  9 56051.63616435 35.846
 142 310.683629  -5.153437    76.250    76.117  8 56061.55179953 28.657
 143 310.684057  -5.158479    76.647    76.676  8 56071.46743722 26.930
 144 310.683219  -5.151773    76.530    76.466  9 56081.38308877 24.160
 145 310.682186  -5.147734    74.421    74.403 10 56091.29873693 46.693
 146 310.682019  -5.146413    75.735    75.789 10 56101.21438213 29.830
 147 310.682317  -5.147445    73.612    73.635  9 56111.13001266 48.332
 148 310.683070  -5.150872    72.641    72.657  9 56121.04565102 47.607
 149 310.683992  -5.155700    71.449    71.392  8 56130.96128556 47.576
 150 310.684050  -5.160354    71.435    70.750  7 56140.87691892 42.076
 151 310.682951  -5.152779    70.032    69.830  9 56150.79257151 40.178
 152 310.682505  -5.149077    69.243    69.142  9 56160.70822172 34.942
 153 310.682591  -5.148709    69.382    69.361  9 56170.62386969 30.978
 154 310.683039  -5.149368    72.051    72.650  9 56180.53951345 27.171
 155 310.682482  -5.151687    70.264    69.588  9 56190.45515267 34.046
 156 310.683349  -5.149866    69.627    69.628  9 56200.37078978 44.296
 157 310.683652  -5.154762    69.615    69.634  9 56210.28642284 49.267
 158 310.684489  -5.163120    69.790    69.787  5 56220.20205327 39.438
 159 310.684180  -5.161098    70.396    70.406  6 56230.11770332 53.543
 160 310.684078  -5.154790    69.720    69.711  8 56240.03335766 49.648
 161 310.682535  -5.151996    70.708    70.685  9 56249.94900746 45.106
 162 310.682622  -5.148158    71.360    71.369 10 56259.86465303 39.066
 163 310.682267  -5.148694    76.099    75.894 10 56269.78029532 27.530
 164 310.683021  -5.148616    84.260    86.823  9 56279.69593620 19.616
 165 310.682060  -5.145457    76.393    74.317 10 56289.61158847 27.014
 166 310.681826  -5.141646    75.165    73.328 11 56299.52723811 26.036
 167 310.681565  -5.139128    72.389    72.560 12 56309.44288329 41.877
 168 310.681119  -5.138814    74.465    74.463 12 56319.35852531 47.810
 169 310.681424  -5.139116    75.897    75.881 13 56329.27416602 54.165
 170 310.682050  -5.143756    76.066    76.068 11 56339.18980489 54.409
 171 310.682806  -5.152252    75.765    75.897  9 56349.10544088 27.980
 172 310.684183  -5.157738    75.956    75.981  7 56359.02107517 44.392
 173 310.682767  -5.150322    76.510    76.494  9 56368.93672692 52.930
 175 310.680956  -5.139088    77.999    78.010 13 56388.76802241 36.329
 176 310.681186  -5.142021    77.225    77.180 12 56398.68366550 30.062
 177 310.682205  -5.146295    77.797    77.818 10 56408.59930583 52.181
 178 310.683257  -5.151463    77.474    77.413  9 56418.51494158 31.229
 179 310.684077  -5.157610    76.971    76.950  7 56428.43057323 55.104
 180 310.682411  -5.148400    76.018    76.036  9 56438.34622841 31.085
 181 310.681698  -5.141771    74.754    74.756 12 56448.26188035 49.109
 182 310.681088  -5.141906    74.392    74.352 12 56458.17752869 45.972
 183 310.681341  -5.141991    74.524    74.478 12 56468.09317385 43.695
 184 310.681608  -5.143494    74.690    74.694 11 56478.00881476 50.744
 185 310.681751  -5.146613    75.540    75.502 10 56487.92445172 27.559
 186 310.682432  -5.149734    75.763    75.947  9 56497.84008645 23.775
 187 310.684051  -5.154093    75.578    75.854  8 56507.75572009 26.611
 188 310.684147  -5.163006    73.411    73.579  6 56517.67135627 28.555
 189 310.684028  -5.157348    74.270    74.359  8 56527.58701204 31.433
 190 310.683625  -5.153314    74.368    74.076  9 56537.50266314 31.219
 192 310.681866  -5.143201    70.737    71.297 11 56557.33395460 41.924
 193 310.681400  -5.143677    68.887    68.853 11 56567.24959668 46.241
 194 310.682207  -5.147658    68.856    68.826 10 56577.16523685 45.195
 195 310.683930  -5.154923    69.565    69.578  9 56587.08087301 50.485
 196 310.684309  -5.160189    69.624    69.601  6 56596.99651222 53.521
 197 310.683006  -5.152166    70.505    70.485  9 56606.91216571 37.179
 198 310.681961  -5.146156    70.362    70.360 10 56616.82781416 39.132
 199 310.682027  -5.143977    70.706    70.705 10 56626.74345872 41.598
 200 310.682535  -5.146581    71.215    71.256 10 56636.65909963 46.172
 201 310.682785  -5.152327    71.765    71.766  9 56646.57473997 53.274
 202 310.681731  -5.147184    76.096    76.041 10 56656.49039369 23.833
 203 310.681489  -5.140717    74.839    74.829 12 56666.40604318 48.160
 204 310.680992  -5.138119    75.030    75.048 13 56676.32168889 41.985
 205 310.681090  -5.138659    75.207    75.183 12 56686.23733264 55.376
 206 310.682057  -5.142131    76.641    76.663 11 56696.15297381 26.767
 207 310.683006  -5.150582    77.214    77.234  9 56706.06860943 48.643
 208 310.683957  -5.158418    78.342    78.302  7 56715.98424063 54.196
 209 310.682385  -5.147625    79.172    79.165 10 56725.89989609 45.026
 210 310.680924  -5.139075    78.811    78.786 13 56735.81554734 46.884
 211 310.680939  -5.134645    77.881    77.877 14 56745.73119465 30.516
 212 310.681086  -5.141317    77.965    77.953 12 56755.64683538 38.219
 213 310.682426  -5.151705    77.966    78.029  9 56765.56246971 32.048
 214 310.683526  -5.154375    77.734    77.744  9 56775.47810859 51.166
 215 310.681834  -5.143549    76.887    76.863 11 56785.39376709 43.651
 216 310.680229  -5.134097    76.077    76.078 15 56795.30942144 53.100
 217 310.679983  -5.128406    75.391    75.393 12 56805.22507094 43.856
 218 310.680131  -5.134123    74.690    74.696 15 56815.14071131 47.544
 219 310.681671  -5.139084    74.691    74.682 12 56825.05634855 51.378
 220 310.682612  -5.146274    74.698    74.677 10 56834.97198159 50.943
 221 310.684031  -5.152256    75.558    75.754  9 56844.88761184 28.532
 222 310.683238  -5.151358    75.595    75.633  9 56854.80325747 26.387
 223 310.682086  -5.146511    76.208    76.467 10 56864.71891225 21.205
 224 310.681752  -5.142409    74.939    74.166 12 56874.63456623 26.779
 225 310.681206  -5.140832    75.230    75.818 12 56884.55021650 26.188
 226 310.681096  -5.138588    74.999    74.408 12 56894.46586374 24.449
 227 310.680763  -5.135447    69.627    69.605 14 56904.38150771 46.658
 228 310.680167  -5.133771    69.550    69.484 15 56914.29714910 45.881
 229 310.680717  -5.136111    68.776    68.781 14 56924.21278789 49.468
 230 310.681880  -5.144521    68.885    68.882 11 56934.12842291 45.594
 231 310.684307  -5.155209    69.750    69.741  8 56944.04405236 53.105
 232 310.683961  -5.155390    69.352    69.331  8 56953.95970008 39.013
 233 310.682475  -5.149362    69.538    69.543 10 56963.87535148 43.886
 234 310.681783  -5.143503    70.817    71.367 11 56973.79099846 32.340
 235 310.681614  -5.144175    70.658    70.637 11 56983.70663996 42.424
 236 310.683176  -5.149440    70.729    70.270  9 56993.62227583 37.255
 237 310.683975  -5.157325    71.349    71.350  7 57003.53791234 44.494
 238 310.682338  -5.150520    74.241    74.953  9 57013.45357049 25.960
 239 310.681785  -5.142833    74.104    73.915 11 57023.36922333 27.093
 240 310.681154  -5.139688    72.185    72.181 13 57033.28487237 55.233
 241 310.681562  -5.139311    72.935    72.943 12 57043.20051846 52.787
 242 310.682138  -5.141873    73.616    73.578 11 57053.11616158 54.937
 243 310.682346  -5.147794    74.231    73.992 10 57063.03179952 32.656
 244 310.683115  -5.152507    73.575    74.045  9 57072.94743275 31.595
 245 310.684058  -5.158042    75.106    74.896  8 57082.86306228 40.695
 246 310.683628  -5.152715    76.277    76.289  8 57092.77871145 25.736
 247 310.682054  -5.145054    75.541    75.479 11 57102.69437032 44.961
 248 310.681817  -5.141221    77.044    77.112 11 57112.61002476 28.120
 249 310.681824  -5.142467    76.743    76.715 11 57122.52567214 29.720
 250 310.681501  -5.144443    76.755    76.732 11 57132.44131358 30.869
 251 310.681803  -5.147408    76.794    76.808 10 57142.35694977 30.972
 252 310.682936  -5.150729    77.570    77.528  9 57152.27258273 54.978
 253 310.684060  -5.159376    76.527    76.496  7 57162.18821194 34.194
 254 310.683343  -5.152266    75.853    75.837  9 57172.10387002 53.914
 255 310.682370  -5.148895    75.196    75.237  9 57182.01952442 52.407
 256 310.682061  -5.144328    74.539    74.421 11 57191.93517541 33.340
 257 310.681317  -5.141933    74.360    74.367 12 57201.85082338 32.258
 258 310.681028  -5.141581    76.738    76.632 12 57211.76645766 24.078
 259 310.681895  -5.142678    76.259    76.036 11 57221.68210157 23.546
 260 310.682448  -5.145751    75.680    76.100 10 57231.59774367 22.890
 261 310.682309  -5.149859    76.025    75.950  9 57241.51338294 20.847
 262 310.683369  -5.150711    73.006    73.050  9 57251.42902016 47.310
 263 310.683947  -5.154419    72.217    72.203  9 57261.34465462 47.535
 264 310.684354  -5.161122    70.806    70.801  6 57271.26028711 50.162
 265 310.684002  -5.154441    69.590    69.565  8 57281.17594399 53.913
 266 310.683211  -5.150787    69.689    69.106  9 57291.09159951 32.116
 267 310.682160  -5.148142    69.206    69.221 10 57301.00725182 46.487
 268 310.681663  -5.144496    69.061    68.529 11 57310.92290096 38.798
 269 310.681613  -5.138907    69.014    69.071 12 57320.83854749 39.519
 270 310.680948  -5.138004    68.428    68.255 13 57330.75419066 41.284
 271 310.681418  -5.140130    69.534    69.176 13 57340.66983130 42.639
 272 310.681036  -5.137507    68.928    68.864 13 57350.58548298 46.021
 273 310.681303  -5.137990    71.193    69.169 13 57360.50112857 26.948
 274 310.681393  -5.139197    69.187    69.179 13 57370.41677066 43.689
 275 310.681635  -5.140823    70.244    68.909 11 57380.33241009 37.681
 276 310.681723  -5.147455    69.112    69.106 10 57390.24804722 41.858
 277 310.683648  -5.153339    70.588    69.930  8 57400.16368359 34.592
 278 310.684260  -5.160015    73.346    73.345  7 57410.07932129 31.462
 279 310.683531  -5.152767    76.279    76.261  9 57419.99497498 55.704
 280 310.682109  -5.145589    73.988    73.966 10 57429.91062626 46.240
 281 310.681398  -5.139693    74.092    74.074 12 57439.82627540 43.707
 282 310.681408  -5.138944    79.250    78.808 12 57449.74192263 23.542
 283 310.681451  -5.141796    74.414    74.427 12 57459.65756774 41.128
 284 310.682402  -5.145504    74.405    74.353 10 57469.57320949 43.184
 285 310.682915  -5.150213    75.614    75.730  9 57479.48884678 26.848
 286 310.683287  -5.153028    74.974    74.950  9 57489.40448107 54.589
 287 310.684090  -5.157523    74.709    74.731  7 57499.32011278 55.533
 288 310.684152  -5.157923    75.602    75.539  7 57509.23575555 24.300
 289 310.682887  -5.152457    75.462    75.704  9 57519.15141179 25.263
 290 310.682609  -5.148706    73.509    73.507 10 57529.06706503 48.984
 291 310.682539  -5.145529    73.255    73.263 10 57538.98271518 50.289
 292 310.682129  -5.142580    73.639    73.730 11 57548.89836279 32.572
 293 310.681262  -5.141352    75.913    76.048 12 57558.81400893 23.757
 294 310.681616  -5.140413    74.372    75.377 12 57568.72965454 24.031
 295 310.681493  -5.144420    75.224    75.121 11 57578.64529865 23.217
 296 310.682336  -5.146721    74.384    74.270 10 57588.56094164 25.131
 297 310.682137  -5.148549    72.185    72.191 10 57598.47658195 44.571
