#  136.054  -1.254   1.570 ;Mean Elev.(m), Avg Gradient(m/km), RMS Gradient(m/km) - SRTM1     
#  127.844  -2.529   3.262 ;Mean Elev.(m), Avg Gradient(m/km), RMS Gradient(m/km) - ASTER GDEM
#  136.063  -1.630   4.762 ;Mean Elev.(m), Avg Gradient(m/km), RMS Gradient(m/km) - GMTED2010 
   2 310.808738  -7.059669   131.140   131.130 16 54673.87218926 51.054
   3 310.809888  -7.065932   194.790   198.798  6 54683.78783382 11.705
   4 310.808962  -7.059428   131.127   131.021 16 54693.70347448 44.719
   5 310.812649  -7.059922   191.242   190.654  7 54703.61911466  6.400
   6 310.810537  -7.055033   130.766   130.550 13 54713.53476371 33.558
   7 310.809631  -7.058848   173.846   178.525 15 54723.45041539 21.871
   8 310.807847  -7.065567   130.580   130.551 16 54733.36606506 38.320
   9 310.808588  -7.077950   130.700   130.632 14 54743.28171445 43.355
  10 310.808398  -7.080741   130.761   130.766 14 54753.19736128 48.183
  11 310.808630  -7.078424   130.695   130.664 14 54763.11300654 48.986
  12 310.807179  -7.068822   130.785   130.764 15 54773.02864761 55.493
  13 310.807470  -7.065461   130.945   130.936 16 54782.94428739 52.941
  14 310.807871  -7.063464   131.001   130.992 17 54792.85992540 42.664
  15 310.808335  -7.060658   176.965   176.152 15 54802.77556258 12.583
  16 310.809912  -7.059215   164.370   162.499 14 54812.69120015 10.599
  17 310.809900  -7.057436   156.776   159.409 14 54822.60684318 19.791
  18 310.808442  -7.060232   133.435   133.406 15 54832.52248467 55.326
  19 310.808001  -7.068250   133.661   133.662 16 54842.43813705 53.276
  20 310.807819  -7.077073   133.887   133.892 12 54852.35378819 55.689
  21 310.807479  -7.082435   133.986   134.014 14 54862.26943804 28.202
  22 310.807330  -7.084331   134.649   134.626 14 54872.18508691 49.394
  23 310.807684  -7.082799   135.095   135.096 13 54882.10073312 55.697
  24 310.809004  -7.082182   135.460   135.485 14 54892.01637621 54.799
  25 310.808908  -7.081377   135.751   135.732 14 54901.93201636 53.869
  26 310.808480  -7.082143   135.745   135.683 14 54911.84765544 28.849
  27 310.808129  -7.081670   135.611   135.584 14 54921.76329345 34.426
  28 310.808370  -7.076428   136.925   135.324 15 54931.67893007 26.535
  29 310.807703  -7.062512   135.771   135.748 16 54941.59456334 52.788
  30 310.810441  -7.057382   136.261   136.225 14 54951.51019697 32.290
  31 310.810235  -7.055573   137.033   137.025 11 54961.42583830 56.701
  32 310.808878  -7.059312   137.004   136.992 15 54971.34148759 53.351
  33 310.808120  -7.061886   137.142   136.035 17 54981.25713522 28.412
  34 310.807779  -7.062877   153.659   157.378 16 54991.17278206 48.597
  35 310.807936  -7.065234   133.327   133.303 16 55001.08842876 54.230
  36 310.807572  -7.066381   132.566   132.580 16 55011.00407337 54.356
  37 310.806382  -7.063961   132.162   132.137 13 55020.91971575 54.287
  38 310.807708  -7.068388   131.743   131.725 16 55030.83535887 51.555
  39 310.807504  -7.067133   131.952   131.349 16 55040.75100024 35.468
  40 310.807931  -7.061856   131.291   131.307 17 55050.66663965 40.850
  41 310.809216  -7.057129   131.153   131.033 15 55060.58227717 34.404
  42 310.809895  -7.056858   131.049   130.885 15 55070.49791881 41.918
  43 310.808107  -7.059778   130.788   130.770 16 55080.41356860 47.041
  44 310.805626  -7.062340   130.937   130.945 12 55090.32921622 55.983
  45 310.808634  -7.077463   131.109   131.086 14 55100.24486571 37.060
  46 310.808384  -7.078155   131.087   131.040 13 55110.16051133 53.553
  47 310.806922  -7.069872   131.280   131.285 13 55120.07615332 54.511
  48 310.807777  -7.067140   131.775   131.147 16 55129.99179406 31.611
  49 310.807663  -7.064939   132.058   131.308 16 55139.90743296 32.161
  50 310.807527  -7.064167   132.261   132.238 16 55149.82307142 50.716
  51 310.808089  -7.062102   133.888   132.380 16 55159.73870984 24.281
  52 310.809341  -7.059191   134.007   132.828 15 55169.65434797 22.832
  53 310.810635  -7.056072   132.944   132.928 13 55179.56998495 30.313
  54 310.808496  -7.055491   133.510   133.520 12 55189.48563205 56.740
  55 310.807891  -7.065545   198.569   197.104 15 55199.40128511 18.611
  56 310.808282  -7.075300   135.008   134.988 15 55209.31693715 47.666
  57 310.809087  -7.080485   135.350   135.328 14 55219.23258758 55.902
  58 310.808561  -7.079655   136.599   135.691 14 55229.14823557 25.810
  59 310.808670  -7.078755   136.097   136.113 14 55239.06388043 36.590
  60 310.808811  -7.078888   136.210   136.044 14 55248.97952182 29.126
  61 310.808818  -7.080849   135.922   135.916 14 55258.89516142 53.146
  62 310.808719  -7.080573   135.608   135.530 14 55268.81080003 27.608
  63 310.808622  -7.077129   135.788   135.685 15 55278.72643798 38.909
  64 310.807797  -7.066784   136.108   136.095 16 55288.64207329 53.245
  65 310.809159  -7.058982   136.863   136.868 16 55298.55770692 55.253
  66 310.809719  -7.059780   136.572   136.566 15 55308.47335072 55.474
  67 310.808018  -7.061630   135.328   135.299 17 55318.38899732 41.728
  68 310.806376  -7.063130   134.194   134.187 12 55328.30464245 56.185
  69 310.806954  -7.066290   132.969   132.995 15 55338.22028721 55.381
  70 310.807611  -7.065463   134.587   132.880 16 55348.13593062 25.912
  71 310.807898  -7.063150   132.033   132.024 17 55358.05157187 53.459
  72 310.807980  -7.062926   131.679   131.676 17 55367.96721143 55.139
  73 310.807639  -7.061420   131.392   131.386 16 55377.88284936 52.636
  74 310.808437  -7.060320   131.158   131.172 16 55387.79848692 49.340
  75 310.810012  -7.057486   131.157   131.056 14 55397.71412349 37.917
  76 310.810764  -7.054571   130.779   130.783 13 55407.62976695 32.821
  77 310.809670  -7.056804   130.852   130.833 14 55417.54541849 51.812
  78 310.807997  -7.060225   130.830   130.800 16 55427.46106683 50.737
  79 310.807577  -7.066849   130.654   130.633 16 55437.37671302 55.569
  80 310.807789  -7.071966   130.687   130.673 15 55447.29235740 54.230
  81 310.806255  -7.067304   130.636   130.644 12 55457.20799907 54.988
  82 310.808042  -7.067605   130.528   130.546 16 55467.12364128 55.090
  83 310.808154  -7.060126   130.491   130.444 16 55477.03927851 50.671
  84 310.809785  -7.057554   130.394   130.400 15 55486.95491376 39.033
  85 310.810504  -7.055482   130.748   130.737 13 55496.87054706 37.304
  86 310.810594  -7.055001   130.805   130.607 14 55506.78618335 32.592
  87 310.808798  -7.058037   131.121   130.879 15 55516.70183471 36.112
  88 310.808360  -7.059693   131.486   131.484 16 55526.61748514 53.482
  89 310.808006  -7.061472   131.893   131.840 17 55536.53313363 49.951
  90 310.807808  -7.065589   134.088   132.412 16 55546.44878041 30.351
  91 310.807089  -7.069828   132.460   132.484 14 55556.36442518 55.357
  92 310.808334  -7.076035   132.886   132.895 14 55566.28006940 55.329
  93 310.807709  -7.069680   133.712   133.683 16 55576.19571001 54.716
  94 310.807561  -7.061252   134.334   134.290 17 55586.11134831 53.922
  95 310.809593  -7.058253   134.800   134.766 15 55596.02698464 45.372
  96 310.810701  -7.056563   135.581   135.586 13 55605.94261805 56.459
  97 310.811127  -7.054395   136.367   136.344 13 55615.85824951 53.976
  98 310.810848  -7.056035   137.164   137.193 14 55625.77389174 54.896
  99 310.809071  -7.057889   137.076   136.780 15 55635.68954453 28.624
 100 310.808831  -7.059987   136.907   136.879 16 55645.60519545 53.295
 101 310.808075  -7.059784   137.471   136.799 16 55655.52084308 29.858
 102 310.807835  -7.061081   138.108   137.441 17 55665.43648645 31.237
 103 310.807906  -7.063745   137.966   137.950 16 55675.35212685 55.505
 104 310.807888  -7.063498   138.216   137.573 16 55685.26776460 30.328
 105 310.808537  -7.059537   137.090   137.073 16 55695.18340027 55.912
 106 310.808946  -7.049759   135.481   135.462  9 55705.09903333 57.334
 107 310.809382  -7.051271   133.645   133.636 10 55715.01468072 57.157
 108 310.809328  -7.058528   132.651   132.643 14 55724.93033057 49.518
 109 310.807635  -7.061891   132.254   132.226 17 55734.84597778 51.750
 110 310.807882  -7.067444   131.879   131.862 16 55744.76162455 32.598
 111 310.807991  -7.067408   131.559   131.531 16 55754.67726878 40.102
 112 310.808259  -7.061817   131.344   131.328 16 55764.59290964 43.029
 113 310.809105  -7.057842   131.171   131.159 15 55774.50854812 51.818
 114 310.810061  -7.057717   131.034   131.010 15 55784.42418409 44.930
 115 310.810571  -7.056583   130.899   130.898 14 55794.33981725 53.734
 116 310.810887  -7.054512   130.743   130.770 13 55804.25545373 40.532
 117 310.810409  -7.056230   130.667   130.636 14 55814.17110308 54.874
 118 310.810905  -7.056535   130.622   130.604 14 55824.08675003 55.392
 119 310.811086  -7.054543   130.452   130.435 13 55834.00239182 57.199
 120 310.811557  -7.054096   130.564   130.543 13 55843.91803010 55.842
 121 310.811867  -7.053392   130.769   130.750 13 55853.83366564 57.079
 122 310.812003  -7.053339   131.724   131.735 12 55863.74930323 35.470
 123 310.809496  -7.057143   131.598   131.426 15 55873.66495797 33.580
 124 310.809378  -7.058669   131.891   131.853 15 55883.58060734 50.845
 125 310.809577  -7.057555   132.393   132.374 15 55893.49624997 54.864
 126 310.809617  -7.052790   132.893   132.894 12 55903.41188628 57.338
 127 310.809723  -7.052099   133.600   133.579 11 55913.32752425 57.033
 128 310.807854  -7.060267   134.217   134.208 16 55923.24318000 55.670
 129 310.807555  -7.065069   134.853   134.865 16 55933.15883201 55.672
 130 310.807855  -7.065272   135.711   135.707 16 55943.07447872 55.030
 131 310.807628  -7.062297   136.641   136.651 16 55952.99012036 54.551
 132 310.807675  -7.061814   137.008   137.000 16 55962.90575950 54.669
 133 310.807829  -7.062552   137.286   137.246 17 55972.82139726 53.207
 134 310.808868  -7.060714   137.582   137.215 16 55982.73703354 29.567
 135 310.811052  -7.055383   136.865   136.870 14 55992.65266757 27.302
 136 310.810491  -7.055461   136.778   136.746 14 56002.56831652 56.778
 137 310.809592  -7.059758   137.302   136.612 15 56012.48396748 27.083
 138 310.807802  -7.062389   136.301   136.295 16 56022.39961433 55.589
 139 310.807372  -7.066901   136.128   135.663 16 56032.31525859 46.215
 140 310.807821  -7.067900   135.155   135.139 16 56042.23089984 54.776
 141 310.807967  -7.063029   134.312   134.292 17 56052.14653720 55.459
 142 310.809638  -7.057892   133.266   133.267 14 56062.06217163 55.673
 143 310.811395  -7.056689   132.826   132.825 13 56071.97781057 57.497
 144 310.809209  -7.059281   132.563   132.549 15 56081.89346085 50.431
 145 310.807696  -7.062058   132.211   132.173 16 56091.80910889 55.256
 146 310.808050  -7.065464   132.121   131.787 16 56101.72475508 36.802
 147 310.807793  -7.063298   131.386   131.335 16 56111.64038597 33.078
 148 310.808780  -7.060197   131.247   131.221 15 56121.55602490 36.301
 149 310.810513  -7.056803   130.974   130.967 14 56131.47166011 54.908
 150 310.811144  -7.053961   130.851   130.843 13 56141.38729485 55.583
 151 310.809383  -7.059635   130.791   130.774 15 56151.30294648 48.240
 152 310.808009  -7.061146   130.809   130.812 16 56161.21859532 51.427
 153 310.808376  -7.061791   130.727   130.694 16 56171.13424228 51.853
 154 310.808777  -7.059060   130.589   130.608 16 56181.04988427 49.446
 155 310.809423  -7.058110   130.483   130.504 15 56190.96552280 43.497
 156 310.809674  -7.057496   130.557   130.586 15 56200.88115875 45.525
 157 310.810669  -7.055611   130.378   130.347 14 56210.79679260 34.968
 158 310.811749  -7.049684   130.491   130.493 11 56220.71242403 30.070
 159 310.811660  -7.054692   130.541   130.558 13 56230.62807657 32.821
 160 310.809840  -7.056706   145.151   146.039 15 56240.54373037 26.962
 161 310.808639  -7.060243   131.121   131.133 15 56250.45938053 52.171
 162 310.807855  -7.061216   131.961   131.942 17 56260.37502531 53.100
 163 310.807984  -7.061687   132.611   132.585 16 56270.29066739 55.292
 164 310.808369  -7.059950   132.946   132.954 16 56280.20630711 55.227
 165 310.807726  -7.063405   132.485   132.475 16 56290.12195925 53.151
 166 310.808403  -7.068065   132.206   132.179 14 56300.03760821 53.489
 167 310.807735  -7.067642   132.994   132.966 16 56309.95325197 55.084
 168 310.807543  -7.067933   133.942   133.953 15 56319.86889386 50.807
 169 310.807966  -7.068994   143.320   144.149 16 56329.78453542 19.559
 170 310.808001  -7.064787   137.073   136.143 16 56339.70017531 25.844
 171 310.809049  -7.058788   136.052   136.004 16 56349.61581286 56.347
 172 310.810635  -7.055069   136.298   136.294 13 56359.53144927 54.405
 173 310.808493  -7.059979   136.295   136.272 16 56369.44710092 54.649
 175 310.808607  -7.077120   136.703   136.741 14 56389.27839742 53.042
 176 310.807918  -7.072198   136.222   136.241 16 56399.19403939 54.796
 177 310.807527  -7.063910   136.535   136.531 16 56409.10967798 54.122
 178 310.809020  -7.058930   136.263   136.218 15 56419.02531292 56.166
 179 310.810796  -7.055668   135.750   135.711 13 56428.94094590 56.158
 180 310.807936  -7.061282   150.142   146.611 16 56438.85660007 15.579
 181 310.807481  -7.068776   133.141   133.109 16 56448.77225252 45.859
 182 310.807837  -7.071701   134.422   132.547 15 56458.68790213 28.774
 183 310.807555  -7.070184   135.287   135.977 15 56468.60354759 24.210
 184 310.807957  -7.068895   131.867   131.873 16 56478.51918912 56.075
 185 310.807901  -7.064969   131.572   131.597 16 56488.43482615 53.223
 186 310.808542  -7.061355   131.271   131.234 16 56498.35046052 53.917
 187 310.810183  -7.056598   131.045   131.068 15 56508.26609327 52.421
 188 310.811302  -7.051481   130.906   130.909 11 56518.18173047 55.720
 189 310.810953  -7.055810   130.793   130.794 13 56528.09738482 56.074
 190 310.809903  -7.056770   130.659   130.652 15 56538.01303420 52.704
 191 310.808741  -7.059721   130.944   130.757 16 56547.92868003 43.138
 192 310.807536  -7.063432   131.054   130.637 16 56557.84432369 38.238
 193 310.807572  -7.065496   130.926   130.508 16 56567.75996657 36.243
 194 310.808010  -7.062168   131.020   130.597 17 56577.67560735 41.209
 195 310.810407  -7.057611   130.757   130.768 14 56587.59124463 52.537
 196 310.811273  -7.054830   193.994   194.331 13 56597.50688593 30.248
 197 310.808704  -7.058857   131.216   131.213 15 56607.42253860 50.646
 198 310.807939  -7.065051   131.678   131.679 16 56617.33818674 55.051
 199 310.807411  -7.065096   131.893   131.874 16 56627.25383006 55.415
 200 310.808087  -7.061719   131.960   131.931 16 56637.16946981 55.180
 201 310.809360  -7.057972   195.163   194.887 15 56647.08511061 24.545
 202 310.808110  -7.060913   134.500   134.491 16 56657.00076299 55.473
 203 310.807718  -7.065969   137.054   136.554 16 56666.91641164 23.871
 204 310.807643  -7.070088   137.458   138.356 15 56676.83205786 24.033
 205 310.807881  -7.071067   135.609   135.576 16 56686.74770259 51.140
 206 310.807609  -7.065517   135.674   135.690 16 56696.66334405 46.991
 207 310.809125  -7.059724   136.245   136.227 15 56706.57898107 56.036
 208 310.810688  -7.055382   136.678   136.686 13 56716.49461504 31.488
 209 310.807850  -7.062626   143.572   137.389 16 56726.41027002 29.880
 210 310.808643  -7.077440   137.624   137.608 15 56736.32592253 55.769
 211 310.807997  -7.080363   137.532   137.512 14 56746.24156878 54.681
 212 310.807844  -7.072826   137.413   137.396 15 56756.15720841 54.000
 213 310.808529  -7.059913   137.081   137.050 16 56766.07284119 55.653
 214 310.809647  -7.057524   136.648   136.616 14 56775.98848095 56.619
 215 310.808117  -7.067893   137.479   136.781 16 56785.90413906 27.157
 216 310.808374  -7.082613   135.442   135.439 14 56795.81979484 55.098
 217 310.806948  -7.085390   134.227   134.222 14 56805.73544387 55.407
 218 310.808002  -7.082491   133.298   133.308 14 56815.65108551 52.554
 219 310.808066  -7.073163   132.554   132.441 16 56825.56672229 41.971
 220 310.807629  -7.061916   154.078   156.727 16 56835.48235499 47.361
 221 310.809460  -7.057354   131.646   131.635 15 56845.39798581 52.400
 222 310.808703  -7.059727   131.414   131.391 16 56855.31363261 53.870
 223 310.808041  -7.065591   131.280   131.325 16 56865.22928680 53.243
 224 310.807816  -7.069054   131.092   131.065 16 56875.14493955 46.585
 225 310.807894  -7.071282   131.024   131.029 16 56885.06058893 54.720
 226 310.808258  -7.073853   130.988   130.927 15 56894.97623541 53.881
 227 310.808715  -7.078787   130.890   130.864 14 56904.89187934 49.571
 228 310.808471  -7.081978   130.884   130.868 14 56914.80752109 39.064
 229 310.808563  -7.079544   130.743   130.717 14 56924.72316019 35.588
 230 310.807356  -7.065704   130.666   130.642 16 56934.63879426 40.045
 231 310.809914  -7.055587   130.853   130.671 14 56944.55442425 32.573
 232 310.809851  -7.057034   130.680   130.637 14 56954.47007398 45.507
 233 310.808152  -7.061779   130.886   130.853 16 56964.38572503 54.167
 234 310.807572  -7.067371   131.300   131.290 16 56974.30137142 51.281
 235 310.807724  -7.067173   131.438   131.452 15 56984.21701214 56.055
 236 310.808993  -7.059757   131.425   131.372 16 56994.13264630 48.820
 237 310.810837  -7.053996   194.104   193.932 13 57004.04828369 27.504
 238 310.809444  -7.059287   133.196   133.190 15 57013.96394050 55.521
 239 310.807887  -7.063802   133.799   133.520 16 57023.87959235 35.258
 240 310.807865  -7.070066   138.113   138.013 15 57033.79524256 21.874
 241 310.807723  -7.070548   134.161   134.131 16 57043.71088940 51.307
 242 310.807543  -7.066772   137.694   137.518 16 57053.62653291 25.749
 243 310.803217  -7.048631   195.747   195.991  7 57063.54216855 23.322
 244 310.809062  -7.058318   133.283   133.305 15 57073.45780568 48.185
 245 310.810652  -7.055029   134.026   134.017 13 57083.37343590 56.780
 246 310.809176  -7.059402   134.334   134.287 15 57093.28908602 55.683
 247 310.807705  -7.067516   135.280   135.284 15 57103.20474431 55.707
 248 310.807463  -7.070579   199.034   199.525 14 57113.12039763 24.313
 249 310.807899  -7.069138   136.676   136.340 16 57123.03604402 28.122
 250 310.807926  -7.066717   136.198   136.141 16 57132.95168472 32.546
 251 310.807811  -7.061937   136.193   136.178 16 57142.86732036 52.804
 252 310.808740  -7.058706   136.453   136.419 15 57152.78295377 53.326
 253 310.811021  -7.055612   135.928   135.460 13 57162.69858628 25.115
 254 310.808872  -7.059291   134.647   134.605 16 57172.61424424 55.849
 255 310.807942  -7.062315   133.921   133.922 17 57182.52989913 55.280
 256 310.807648  -7.066115   132.917   132.905 16 57192.44555030 55.956
 257 310.807581  -7.070243   132.276   132.269 16 57202.36119862 55.038
 258 310.808130  -7.073364   132.044   132.023 15 57212.27683296 55.563
 259 310.807853  -7.069312   131.614   131.587 16 57222.19247535 55.216
 260 310.807709  -7.063501   131.445   131.431 16 57232.10811580 55.868
 261 310.808661  -7.061062   131.166   131.163 16 57242.02375440 53.970
 262 310.809693  -7.059118   130.930   130.938 15 57251.93939060 51.089
 263 310.810770  -7.057077   130.776   130.763 14 57261.85502519 51.994
 264 310.811812  -7.053216   130.734   130.552 12 57271.77065858 30.294
 265 310.809914  -7.057834   131.576   130.727 14 57281.68631660 36.910
 266 310.808331  -7.059886   130.692   130.576 16 57291.60197226 34.765
 267 310.807938  -7.063944   130.982   130.590 16 57301.51762530 33.412
 268 310.807784  -7.067731   130.579   130.555 15 57311.43327459 52.137
 269 310.808328  -7.074165   130.582   130.507 15 57321.34892100 53.279
 270 310.808528  -7.076807   130.857   130.857 15 57331.26456395 50.706
 271 310.807779  -7.070942   130.599   130.561 16 57341.18020283 53.550
 272 310.807981  -7.074537   130.898   130.851 15 57351.09585421 42.966
 273 310.807833  -7.070947   131.158   130.846 16 57361.01149804 33.148
 274 310.807780  -7.067391   130.889   130.888 16 57370.92713879 37.914
 275 310.807421  -7.063976   131.425   131.085 16 57380.84277775 34.305
 276 310.808436  -7.061654   131.446   131.120 16 57390.75841648 38.340
 277 310.810005  -7.056900   132.139   131.360 15 57400.67405395 32.958
 278 310.810982  -7.053256   135.025   133.898 13 57410.58969410 23.244
 279 310.809218  -7.057715   197.967   196.862 15 57420.50534778 25.057
 280 310.807983  -7.065522   134.616   134.616 16 57430.42099951 54.628
 281 310.807964  -7.073654   134.959   135.000 15 57440.33664908 55.701
 282 310.808392  -7.075989   135.156   135.134 14 57450.25229625 55.403
 283 310.807704  -7.071045   135.144   135.157 15 57460.16794017 55.304
 284 310.807784  -7.063779   134.791   134.803 16 57470.08358025 55.258
 285 310.809093  -7.059923   134.954   134.941 15 57479.99921709 56.069
 286 310.809782  -7.056971   134.663   134.664 15 57489.91485101 34.764
 287 310.811123  -7.053840   133.883   133.885 13 57499.83048321 52.793
 288 310.811102  -7.055109   132.882   132.865 14 57509.74612815 54.731
 289 310.808815  -7.058606   132.464   132.443 15 57519.66178472 51.230
 290 310.808041  -7.061748   132.247   131.940 17 57529.57743869 44.309
 291 310.807946  -7.064885   131.556   131.536 16 57539.49308950 56.013
 292 310.807601  -7.067501   131.271   131.206 15 57549.40873732 45.885
 293 310.808069  -7.071957   131.216   131.225 15 57559.32438391 54.137
 294 310.807592  -7.070885   131.011   131.099 15 57569.24002837 53.962
 295 310.807722  -7.067831   131.530   130.719 15 57579.15567190 35.073
 296 310.807592  -7.062394   130.694   130.680 16 57589.07131328 47.389
 297 310.808161  -7.061694   130.643   130.646 17 57598.98695308 52.026
