-127120.277   150.362     0.00   46.16
-126830.910   149.488    -3.02   44.31
-126541.540   147.568    -6.63   42.62
-126252.167   141.713   -20.24   37.92
-125962.790   127.661   -48.56   33.66
-125673.411   116.058   -40.10   34.45
-125384.028   100.428   -54.01   40.33
-125094.643    87.117   -46.00   40.53
-124805.254    72.333   -51.08   32.88
-124515.862    57.852   -50.04   18.15
-124226.467    51.383   -22.35   11.99
-123937.070    47.220   -14.38    8.28
-123647.669    44.937    -7.89    7.25
-123358.265    43.870    -3.69    6.62
-123068.857    43.720    -0.52    7.00
-122779.447    44.428     2.45    8.41
-122490.034    44.869     1.52    8.98
-122200.618    45.161     1.01    9.68
-121911.198    45.281     0.42   10.43
-121621.776    43.183    -7.25   11.11
-121332.350    42.340    -2.91   10.49
-121042.922    42.504     0.56    9.89
-120753.490    44.401     6.56    9.89
-120464.055    47.114     9.37   10.86
-120174.617    48.837     5.95   10.64
-119885.176    51.637     9.67    9.39
-119595.732    52.833     4.13    8.67
-119306.285    50.200    -9.10   10.91
-119016.834    47.487    -9.37   12.26
-118727.381    43.213   -14.77   12.11
-118437.924    38.740   -15.45   11.90
-118148.465    35.056   -12.73   10.09
-117859.002    33.437    -5.59    8.26
-117569.536    33.023    -1.43    8.09
-117280.067    33.833     2.80    8.25
-116990.595    36.281     8.46    9.10
-116701.120    39.299    10.42    9.61
-116411.642    43.344    13.97    8.11
-116122.161    43.678     1.16    8.71
-115832.676    42.886    -2.74    8.63
-115543.189    43.066     0.62    8.86
-115253.698    44.259     4.12    9.17
-114964.204    43.361    -3.10    9.50
-114674.707    42.747    -2.12   11.04
-114385.207    43.799     3.63   11.70
-114095.704    41.304    -8.62   13.63
-113806.198    38.770    -8.75   14.36
-113516.689    35.937    -9.79   13.91
-113227.176    32.740   -11.04   14.39
-112937.661    27.604   -17.74   12.27
-112648.142    21.455   -21.24   10.89
-112358.620    18.534   -10.09   10.35
-112069.095    17.170    -4.71   10.16
-111779.567    15.654    -5.24    9.58
-111490.036    16.316     2.29    9.54
-111200.501    19.833    12.15   11.02
-110910.964    23.720    13.42   11.49
-110621.423    29.801    21.00   12.18
-110331.879    33.066    11.27   11.71
-110042.332    35.496     8.39   11.26
-109752.782    38.674    10.97   10.64
-109463.229    40.395     5.94    9.86
-109173.673    40.058    -1.16    9.29
-108884.113    39.330    -2.51    9.84
-108594.551    38.747    -2.01    9.86
-108304.985    39.644     3.10   11.19
-108015.416    41.437     6.19   12.78
-107725.844    44.700    11.27   13.62
-107436.712    46.839     7.40   12.67
-107147.812    49.178     8.10   11.44
-106858.909    49.004    -0.60   11.35
-106570.003    46.990    -6.97   11.65
-106281.094    42.954   -13.97   10.47
-105992.182    39.170   -13.10    9.47
-105703.266    37.304    -6.46    9.27
-105414.348    37.757     1.57    9.76
-105125.426    39.848     7.24   10.60
-104836.501    41.920     7.17   10.58
-104547.573    43.797     6.49   10.14
-104258.642    45.537     6.02    9.52
-103969.708    46.347     2.80    9.15
-103680.771    48.799     8.49    9.49
-103391.830    50.445     5.70   10.79
-103102.886    50.404    -0.14   10.75
-102813.940    49.987    -1.44   10.87
-102524.990    46.496   -12.08   12.98
-102236.036    43.330   -10.96   14.54
-101947.080    41.487    -6.38   14.68
-101658.121    40.744    -2.57   14.73
-101369.158    40.854     0.38   13.84
-101080.192    43.816    10.25   14.81
-100791.223    45.854     7.05   13.69
-100502.251    47.187     4.61   12.03
-100213.276    45.649    -5.32   11.85
 -99924.297    41.816   -13.26   12.16
 -99635.316    38.972    -9.84   11.25
 -99346.331    41.757     9.64   13.66
 -99057.343    44.920    10.95   15.67
 -98768.352    47.179     7.82   15.46
 -98479.357    49.937     9.54   14.90
 -98190.360    52.678     9.49   13.38
 -97901.359    54.479     6.23   12.71
 -97612.355    53.833    -2.23   14.06
 -97323.348    51.937    -6.56   15.12
 -97034.338    48.489   -11.93   14.74
 -96745.325    46.247    -7.76   16.19
 -96456.308    43.109   -10.86   16.79
 -96167.288    38.281   -16.70   15.02
 -95878.266    37.084    -4.14   13.87
 -95589.239    36.489    -2.06   13.22
 -95300.210    36.005    -1.67   13.50
 -95011.178    36.127     0.42   14.31
 -94722.142    38.937     9.72   13.43
 -94433.103    42.620    12.74   12.46
 -94144.061    47.225    15.93   15.35
 -93855.016    51.518    14.85   18.47
 -93565.967    56.901    18.63   20.20
 -93276.916    63.754    23.71   18.58
 -92987.861    67.077    11.50   15.85
 -92698.803    69.324     7.77   14.08
 -92409.741    69.887     1.95   13.11
 -92120.677    68.087    -6.23   13.88
 -91831.609    64.730   -11.61   14.43
 -91542.538    63.954    -2.68   14.57
 -91253.464    62.220    -6.00   15.59
 -90964.387    60.649    -5.44   16.18
 -90675.307    57.421   -11.17   16.51
 -90386.223    54.378   -10.53   15.82
 -90097.136    50.656   -12.87   14.60
 -89808.046    47.937    -9.41   14.58
 -89518.952    41.489   -22.30   17.43
 -89229.856    35.921   -19.26   19.29
 -88940.756    30.196   -19.80   21.08
 -88651.653    22.833   -25.46   19.88
 -88362.547    17.885   -17.12   15.99
 -88073.437    15.581    -7.97   12.17
 -87784.325    16.179     2.07   11.74
 -87495.209    18.954     9.60   13.46
 -87206.090    24.237    18.27   15.32
 -86916.968    29.270    17.41   15.85
 -86627.842    32.144     9.94   13.58
 -86338.713    30.754    -4.81   13.83
 -86049.581    27.537   -11.13   14.15
 -85760.446    23.904   -12.57   15.20
 -85471.307    21.247    -9.19   15.11
 -85182.166    17.530   -12.86   11.65
 -84893.021    19.147     5.59   11.12
 -84603.873    22.420    11.32   12.74
 -84314.721    25.904    12.05   12.05
 -84025.566    27.333     4.94   11.76
 -83736.409    26.581    -2.60   12.86
 -83447.247    22.704   -13.41   14.09
 -83158.083    17.854   -16.77   13.70
 -82868.915    13.530   -14.95   10.83
 -82579.744    12.773    -2.62   10.21
 -82290.570    14.204     4.95   11.66
 -82001.393    16.814     9.03   12.47
 -81712.212    20.039    11.15   10.98
 -81423.028    22.420     8.23    8.52
 -81133.841    21.637    -2.71    9.32
 -80844.651    19.039    -8.98   10.62
 -80555.457    15.170   -13.38   10.98
 -80266.260    10.971   -14.52    9.79
 -79977.060     7.937   -10.49    7.70
 -79687.857     6.437    -5.19    6.79
 -79398.650     6.054    -1.33    6.63
 -79109.440     6.743     2.39    6.74
 -78820.227     8.402     5.74    6.72
 -78531.010     8.609     0.72    6.51
 -78241.791     8.654     0.15    6.78
 -77952.568     9.196     1.87    7.31
 -77663.341     8.281    -3.16    8.54
 -77374.112     6.316    -6.79    8.39
 -77084.879     5.402    -3.16    8.99
 -76795.643     5.437     0.12    8.97
 -76506.403     4.511    -3.20    7.82
 -76217.161     4.035    -1.64    6.81
 -75927.915     3.040    -3.44    5.11
 -75638.666     2.687    -1.22    4.61
 -75349.413     2.265    -1.46    3.71
 -75060.157     2.022    -0.84    3.10
 -74770.898     2.547     1.82    3.68
 -74481.636     3.157     2.11    4.08
 -74192.370     4.052     3.09    4.58
 -73903.101     4.481     1.48    5.30
 -73613.829     5.487     3.48    5.44
 -73324.554     7.471     6.86    7.26
 -73035.275     9.356     6.52    8.63
 -72745.993    13.270    13.53   10.47
 -72456.708    16.404    10.83   10.88
 -72167.419    21.385    17.22   11.41
 -71878.127    25.832    15.37   10.88
 -71588.832    26.687     2.96   10.97
 -71299.533    25.767    -3.18   11.18
 -71010.231    24.114    -5.71   11.96
 -70720.926    22.310    -6.24   11.74
 -70431.618    21.402    -3.14   11.39
 -70142.306    20.054    -4.66   11.14
 -69852.991    21.178     3.89   10.89
 -69563.673    23.216     7.04   11.59
 -69274.351    25.437     7.68   11.67
 -68985.026    26.351     3.16   11.80
 -68695.698    26.144    -0.72   11.72
 -68406.366    25.604    -1.87   11.44
 -68117.031    24.921    -2.36   10.24
 -67827.693    24.833    -0.30    9.16
 -67538.351    23.987    -2.93    8.65
 -67249.006    23.586    -1.39    7.45
 -66959.658    23.454    -0.46    6.84
 -66670.307    23.839     1.33    6.02
 -66380.952    24.070     0.80    5.51
 -66091.594    24.550     1.66    5.34
 -65802.232    24.383    -0.58    5.44
 -65512.868    23.487    -3.10    5.67
 -65223.499    23.282    -0.71    5.84
 -64934.128    22.792    -1.69    5.92
 -64644.753    22.806     0.05    6.12
 -64355.375    22.504    -1.04    5.86
 -64065.994    21.598    -3.13    5.97
 -63776.609    20.656    -3.25    5.96
 -63487.221    19.687    -3.35    6.25
 -63197.829    17.615    -7.16    6.59
 -62908.434    15.792    -6.30    6.34
 -62619.036    14.804    -3.41    5.85
 -62329.635    14.508    -1.02    5.23
 -62040.230    14.462    -0.16    5.05
 -61750.822    16.247     6.17    5.70
 -61461.410    18.019     6.12    5.71
 -61171.996    20.075     7.10    5.49
 -60882.577    22.678     9.00    5.40
 -60593.156    24.471     6.20    5.44
 -60303.731    26.089     5.59    5.34
 -60014.303    26.937     2.93    5.15
 -59724.871    27.247     1.07    4.83
 -59435.436    28.054     2.79    4.71
 -59145.998    28.401     1.20    5.34
 -58856.556    28.196    -0.71    5.37
 -58567.111    30.954     9.53    9.44
 -58277.663    35.089    14.29   12.07
 -57988.211    38.855    13.01   12.92
 -57698.756    42.830    13.73   12.72
 -57409.298    44.954     7.34   12.80
 -57119.836    44.282    -2.32   13.52
 -56830.371    40.792   -12.06   15.60
 -56540.902    36.478   -14.90   15.68
 -56251.430    31.333   -17.77   13.25
 -55961.955    27.191   -14.31    8.26
 -55672.476    25.814    -4.76    6.00
 -55382.994    26.787     3.36    6.34
 -55093.509    28.670     6.51    7.39
 -54804.020    30.609     6.70    8.35
 -54514.528    33.904    11.38    8.88
 -54225.032    36.848    10.17    9.17
 -53935.533    39.666     9.73   10.49
 -53646.031    47.196    26.01   14.48
 -53356.525    53.216    20.79   16.31
 -53067.016    59.564    21.93   16.18
 -52777.504    64.971    18.68   15.94
 -52487.988    68.299    11.50   15.62
 -52198.469    71.919    12.50   14.20
 -51908.946    73.254     4.61   15.40
 -51619.420    74.361     3.82   15.54
 -51329.891    73.554    -2.79   15.23
 -51040.358    73.661     0.37   13.67
 -50750.822    74.627     3.33   12.35
 -50461.282    75.478     2.94   11.91
 -50171.739    76.869     4.80   11.52
 -49882.193    78.304     4.95   11.87
 -49592.643    81.008     9.34   12.72
 -49303.090    86.540    19.11   15.54
 -49013.534    94.428    27.24   21.37
 -48723.974   100.720    21.73   25.43
 -48434.410   106.550    20.13   26.77
 -48144.843   111.402    16.76   26.55
 -47855.273   116.470    17.50   24.91
 -47565.700   120.885    15.25   23.48
 -47276.123   123.789    10.03   21.92
 -46986.542   126.904    10.75   21.46
 -46696.958   130.654    12.95   28.44
 -46407.371   147.237    57.26   46.88
 -46117.780   164.506    59.63   51.39
 -45828.186   172.004    25.89   50.11
 -45538.589   177.971    20.61   45.89
 -45249.270   174.052   -13.55   45.24
 -44960.408   171.954    -7.26   43.02
 -44671.542   158.361   -47.06   40.66
 -44382.673   145.799   -43.49   36.19
 -44093.800   131.200   -50.54   27.52
 -43804.924   121.625   -33.14   19.26
 -43516.044   119.717    -6.61   17.53
 -43227.161   117.494    -7.69   15.68
 -42938.274   116.713    -2.71   13.82
 -42649.385   119.816    10.74   20.31
 -42360.491   128.953    31.63   24.80
 -42071.595   136.428    25.87   26.32
 -41782.695   140.871    15.38   26.97
 -41493.791   142.351     5.12   27.09
 -41204.884   142.506     0.54   29.11
 -40915.974   140.402    -7.28   26.86
 -40627.060   136.820   -12.40   22.74
 -40338.143   134.970    -6.40   19.93
 -40049.222   131.351   -12.53   15.82
 -39760.298   127.293   -14.04   11.54
 -39471.371   124.758    -8.77   11.27
 -39182.440   120.208   -15.75   12.66
 -38893.505   113.101   -24.60   15.11
 -38604.568   106.620   -22.43   15.31
 -38315.627   101.625   -17.29   14.17
 -38026.682    97.393   -14.65   12.51
 -37737.734    93.820   -12.36   13.28
 -37448.782    88.799   -17.38   14.62
 -37159.827    85.292   -12.14   14.60
 -36870.869    82.822    -8.55   14.33
 -36581.907    83.704     3.05   20.64
 -36292.942    88.023    14.95   30.60
 -36003.973    96.340    28.78   40.44
 -35715.001   104.773    29.18   44.30
 -35426.026   122.717    62.09   51.42
 -35137.047   138.405    54.29   52.47
 -34848.064   150.920    43.31   48.13
 -34559.078   163.420    43.25   43.84
 -34270.089   173.835    36.04   45.95
 -33981.096   185.851    41.58   46.99
 -33692.100   183.166    -9.29   49.52
 -33403.100   174.213   -30.98   50.69
 -33114.097   162.402   -40.87   53.11
 -32825.090   150.575   -40.92   47.42
 -32536.080   138.354   -42.29   38.48
 -32247.066   131.101   -25.09   31.65
 -31958.049   125.937   -17.87   29.78
 -31669.029   124.354    -5.48   35.18
 -31380.005   120.674   -12.73   35.55
 -31090.977   116.230   -15.37   38.78
 -30801.947   110.404   -20.16   40.50
 -30512.912   101.337   -31.37   36.31
 -30223.874    87.905   -46.47   33.90
 -29934.833    76.937   -37.94   27.42
 -29645.788    68.704   -28.48   19.75
 -29356.740    65.112   -12.42   13.06
 -29067.688    65.537     1.47   12.70
 -28778.633    65.921     1.33   12.69
 -28489.574    67.378     5.04   13.89
 -28200.512    68.276     3.11   14.44
 -27911.447    67.564    -2.46   14.36
 -27622.377    67.104    -1.59   14.02
 -27333.305    65.784    -4.56   12.38
 -27044.229    66.405     2.15   12.10
 -26755.149    65.887    -1.79   11.35
 -26466.066    66.393     1.75   10.17
 -26176.980    66.344    -0.17   10.81
 -25887.890    63.661    -9.28   12.36
 -25598.796    59.806   -13.34   13.77
 -25309.699    55.368   -15.35   13.26
 -25020.598    51.220   -14.35   13.27
 -24731.494    47.540   -12.73   11.45
 -24442.387    44.779    -9.55    8.96
 -24153.276    45.937     4.00    8.61
 -23864.161    46.920     3.40    8.05
 -23575.043    47.679     2.62    7.85
 -23285.922    47.920     0.83    7.95
 -22996.797    48.954     3.58    8.07
 -22707.668    51.137     7.55    8.74
 -22418.536    53.242     7.28    9.92
 -22129.401    52.855    -1.34   10.16
 -21840.262    51.540    -4.55   10.86
 -21551.119    51.649     0.37   10.97
 -21261.973    49.253    -8.29   11.23
 -20972.824    45.787   -11.99   10.53
 -20683.670    41.642   -14.34    9.14
 -20394.514    38.265   -11.68    6.75
 -20105.354    36.487    -6.15    7.43
 -19816.190    35.637    -2.94    7.64
 -19527.023    34.666    -3.36    7.01
 -19237.852    33.835    -2.87    6.16
 -18948.678    32.330    -5.20    6.24
 -18659.500    30.037    -7.93    7.59
 -18370.319    27.288    -9.51    6.72
 -18081.134    26.204    -3.75    6.77
 -17791.946    26.523     1.10    7.50
 -17502.754    27.281     2.62    8.27
 -17213.559    29.187     6.59    8.65
 -16924.360    31.570     8.24    8.95
 -16635.157    35.299    12.89    7.07
 -16345.951    36.678     4.77    7.19
 -16056.742    36.527    -0.52    7.25
 -15767.529    34.720    -6.25    8.23
 -15478.312    31.759   -10.24   10.62
 -15189.092    27.293   -15.44   11.90
 -14899.869    22.316   -17.21   11.55
 -14610.641    20.075    -7.75    9.86
 -14321.411    19.696    -1.31    9.71
 -14032.176    18.675    -3.53    9.25
 -13742.939    19.058     1.32    9.79
 -13453.697    19.903     2.92   10.36
 -13164.452    19.568    -1.16    8.98
 -12875.204    18.445    -3.88    8.30
 -12585.952    16.421    -7.00    7.60
 -12296.696    14.632    -6.18    5.87
 -12007.437    13.654    -3.38    5.52
 -11718.174    13.428    -0.78    6.36
 -11428.908    11.479    -6.74    7.01
 -11139.638    10.287    -4.12    6.97
 -10850.365     9.720    -1.96    6.93
 -10561.088     9.485    -0.81    6.99
 -10271.807     9.639     0.53    6.82
  -9982.523     9.520    -0.41    6.57
  -9693.236     9.437    -0.29    5.38
  -9403.944    10.050     2.12    4.88
  -9114.650    10.070     0.07    4.10
  -8825.351    10.462     1.35    3.69
  -8536.049    10.316    -0.50    3.58
  -8246.744     9.568    -2.58    3.62
  -7957.435     8.670    -3.10    4.06
  -7668.122     8.385    -0.99    3.41
  -7378.806     7.986    -1.38    3.55
  -7089.486     7.820    -0.57    3.36
  -6800.163     7.437    -1.32    3.33
  -6510.836     7.816     1.31    3.02
  -6221.506     8.109     1.01    2.72
  -5932.171     7.675    -1.50    3.39
  -5642.834     7.316    -1.24    3.03
  -5353.492     6.971    -1.19    3.49
  -5064.148     6.937    -0.12    3.49
  -4774.799     6.454    -1.67    3.75
  -4485.447     5.840    -2.12    3.75
  -4196.091     4.971    -3.00    3.52
  -3906.732     3.937    -3.57    3.51
  -3617.369     3.253    -2.36    3.29
  -3328.003     2.609    -2.22    3.01
  -3038.633     1.970    -2.21    2.57
  -2749.259     1.604    -1.27    1.94
  -2459.882     1.534    -0.24    2.00
  -2170.501     1.575     0.14    2.09
  -1881.117     1.404    -0.59    2.09
  -1591.729     1.183    -0.76    2.01
  -1302.337     1.052    -0.45    2.10
  -1012.942     0.683    -1.28    1.95
   -723.543     0.543    -0.48    1.86
   -434.141     0.178    -1.26    1.30
   -144.735    -0.063    -0.83    0.00
    144.675     0.837     3.11    3.59
    434.088     1.265     1.48    3.94
    723.505     2.068     2.78    4.84
   1012.926     2.820     2.60    5.13
   1302.350     2.902     0.28    4.18
   1591.777     2.971     0.24    3.91
   1881.209     3.282     1.07    4.29
   2170.644     4.462     4.08    5.40
   2460.082     6.282     6.29    6.93
   2749.525     8.520     7.73    8.99
   3038.970    10.109     5.49   10.39
   3328.420    13.835    12.87   11.96
   3617.873    15.985     7.43   12.11
   3907.330    18.104     7.32   11.18
   4196.790    21.134    10.47   12.28
   4486.254    23.253     7.32   13.18
   4775.722    24.558     4.51   13.01
   5065.193    25.971     4.88   12.18
   5354.668    26.120     0.52   11.29
   5644.146    26.276     0.54   10.51
   5933.629    26.351     0.26    9.56
   6223.114    25.670    -2.35    9.18
   6512.604    25.691     0.07    8.75
   6802.097    25.724     0.11    8.79
   7091.594    26.320     2.06    9.18
   7381.094    26.478     0.54   10.15
   7670.598    27.109     2.18   10.13
   7960.106    26.544    -1.95   10.41
   8249.617    23.855    -9.29   10.52
   8539.132    20.885   -10.26    8.94
   8828.651    19.380    -5.20    7.05
   9118.173    20.270     3.08    8.09
   9407.699    22.523     7.78   10.43
   9697.229    26.075    12.27   12.01
   9986.762    30.747    16.14   11.87
  10276.299    33.281     8.75    9.76
  10565.839    34.747     5.06    8.93
  10855.384    34.470    -0.96    9.35
  11144.931    33.868    -2.08    9.73
  11434.483    32.700    -4.03    9.17
  11724.038    32.724     0.08    8.05
  12013.597    33.320     2.06    7.99
  12303.160    33.855     1.85    7.73
  12592.726    33.376    -1.66    7.52
  12882.296    33.006    -1.28    7.30
  13171.869    32.293    -2.46    7.97
  13461.447    31.104    -4.11    8.85
  13751.028    28.462    -9.12   10.44
  14040.612    25.678    -9.61   10.89
  14330.201    20.487   -17.93    9.51
  14619.793    17.112   -11.65    8.30
  14909.388    14.724    -8.25    7.33
  15198.987    12.654    -7.15    5.50
  15488.591    11.513    -3.94    3.52
  15778.197    12.020     1.75    4.28
  16067.808    13.758     6.00    5.88
  16357.422    15.462     5.88    6.86
  16647.039    19.420    13.67    7.81
  16936.577    22.953    12.20    7.71
  17225.409    25.537     8.95    7.48
  17514.243    29.299    13.03    7.32
  17803.082    31.868     8.89    7.49
  18091.924    34.058     7.58    6.88
  18380.770    34.986     3.21    6.97
  18669.619    34.592    -1.36    8.16
  18958.472    32.462    -7.38    9.78
  19247.329    29.144   -11.49   10.76
  19536.190    26.575    -8.89   10.61
  19825.054    23.757    -9.76    8.81
  20113.922    22.496    -4.36    7.56
  20402.793    22.187    -1.07    7.53
  20691.669    23.330     3.96    7.86
  20980.548    26.730    11.77   10.01
  21269.430    30.835    14.21   11.98
  21558.317    35.511    16.18   12.75
  21847.207    39.695    14.48   12.11
  22136.100    42.454     9.55   11.04
  22424.998    44.504     7.09    9.76
  22713.899    46.368     6.45    9.04
  23002.804    47.304     3.24    8.87
  23291.712    48.254     3.29    8.54
  23580.624    48.170    -0.29    9.13
  23869.540    48.179     0.03    8.97
  24158.460    50.385     7.64    9.11
  24447.383    50.270    -0.40    9.39
  24736.310    51.523     4.34   10.64
  25025.241    52.363     2.91   11.42
  25314.175    57.387    17.39   15.35
  25603.113    60.734    11.58   15.75
  25892.055    63.799    10.61   15.40
  26181.001    66.077     7.88   13.93
  26469.950    65.380    -2.41   13.50
  26758.903    66.787     4.87   13.42
  27047.860    65.776    -3.50   14.13
  27336.820    62.276   -12.11   13.50
  27625.784    61.196    -3.74   13.97
  27914.752    58.337    -9.89   15.63
  28203.723    56.885    -5.02   16.69
  28492.699    57.281     1.37   18.82
  28781.678    57.833     1.91   19.56
  29070.660    55.351    -8.59   21.32
  29359.647    52.023   -11.51   20.63
  29648.637    49.070   -10.22   19.22
  29937.631    45.937   -10.84   17.66
  30226.629    43.575    -8.17   15.65
  30515.630    42.104    -5.09   10.90
  30804.635    42.109     0.02    9.54
  31093.644    43.649     5.33    9.48
  31382.656    47.754    14.20   10.56
  31671.673    55.717    27.55   18.27
  31960.693    67.292    40.05   29.65
  32249.717    80.446    45.51   38.39
  32538.744    92.404    41.37   40.80
  32827.775    95.276     9.94   36.96
  33116.810    95.743     1.62   34.67
  33405.849    90.720   -17.38   31.05
  33694.892    84.281   -22.28   30.15
  33983.938    72.385   -41.16   25.36
  34272.988    62.402   -34.54   15.35
  34562.042    60.120    -7.90   13.26
  34851.099    61.489     4.73   13.66
  35140.160    65.363    13.40   18.70
  35429.225    69.504    14.32   20.68
  35718.294    74.333    16.71   19.53
  36007.367    77.196     9.90   18.04
  36296.443    79.937     9.48   16.09
  36585.523    81.150     4.20   13.64
  36874.607    82.799     5.70   12.34
  37163.694    84.137     4.63   11.93
  37452.786    87.265    10.82   11.34
  37741.881    89.784     8.72   10.60
  38030.980    92.905    10.79   10.48
  38320.082    94.854     6.74   10.59
  38609.189    94.937     0.29   11.46
  38898.299    93.639    -4.49   11.71
  39187.413    94.420     2.70   11.33
  39476.531    96.700     7.89   11.76
  39765.652    98.675     6.83   12.52
  40054.777   101.872    11.06   14.20
  40343.906   105.971    14.18   16.25
  40633.039   114.237    28.59   16.87
  40922.176   119.288    17.47   15.48
  41211.316   122.396    10.75   13.87
  41500.460   125.554    10.92   13.82
  41789.608   125.582     0.10   13.92
  42078.760   123.649    -6.69   14.60
  42367.915   120.669   -10.31   14.56
  42657.075   119.106    -5.40   15.09
  42946.238   117.178    -6.67   15.90
  43235.405   114.101   -10.64   16.23
  43524.575   109.804   -14.86   17.37
  43813.750   108.971    -2.88   16.27
  44102.928   109.885     3.16   15.59
  44392.110   110.592     2.44   13.61
  44681.296   109.511    -3.74   12.77
  44970.486   109.395    -0.40   13.52
  45259.679   109.354    -0.14   14.25
  45548.877   107.644    -5.91   14.50
  45838.078   102.954   -16.22   13.95
  46127.283    97.970   -17.24   13.22
  46416.491    93.649   -14.94   12.62
  46705.704    90.587   -10.59   11.61
  46994.920    87.490   -10.71   11.85
  47284.140    85.885    -5.55   12.52
  47573.364    83.393    -8.62   12.02
  47862.592    81.068    -8.04   12.70
  48151.823    77.707   -11.62   12.02
  48441.059    73.851   -13.33   10.59
  48730.298    70.037   -13.19    9.48
  49019.541    66.833   -11.08    9.11
  49308.788    65.287    -5.35    9.29
  49598.038    63.070    -7.66    9.27
  49887.293    61.019    -7.09    7.96
  50176.551    58.920    -7.26    5.74
  50465.813    59.551     2.18    7.74
  50755.079    61.720     7.50   10.49
  51044.349    65.885    14.40   12.99
  51333.623    69.921    13.95   14.07
  51622.900    72.784     9.90   13.52
  51912.181    74.387     5.54   12.81
  52201.466    74.609     0.77   11.40
  52490.755    73.411    -4.14    8.78
  52780.048    74.216     2.78    8.85
  53069.345    73.770    -1.54    8.31
  53358.645    76.166     8.28    9.62
  53647.949    78.506     8.09    9.76
  53937.258    80.799     7.93    9.74
  54226.570    82.670     6.47    9.55
  54515.885    84.496     6.31    9.92
  54805.205    86.134     5.66    9.62
  55094.529    87.833     5.88    9.33
  55383.856    91.344    12.13   10.28
  55673.187    93.316     6.82   10.79
  55962.522    98.587    18.22   12.90
  56251.861   104.871    21.72   14.05
  56541.204   111.006    21.20   15.91
  56830.551   118.937    27.41   16.17
  57119.901   125.970    24.31   16.46
  57409.255   130.720    16.42   14.68
  57698.614   133.310     8.95   14.05
  57987.976   132.445    -2.99   14.92
  58277.342   130.787    -5.73   16.33
  58566.711   124.902   -20.34   18.72
  58856.085   117.620   -25.17   17.75
  59145.462   107.799   -33.94   19.03
  59434.844    99.720   -27.92   20.27
  59724.229    91.754   -27.53   21.76
  60013.618    80.852   -37.67   18.87
  60303.011    72.592   -28.54   15.71
  60592.408    67.178   -18.71   12.68
  60881.809    61.759   -18.72   11.18
  61171.213    56.570   -17.93   10.75
  61460.622    52.759   -13.17    9.47
  61750.034    50.060    -9.33    8.20
  62039.451    48.627    -4.95    7.07
  62328.871    49.037     1.42    7.61
  62618.295    51.462     8.38    9.50
  62907.723    53.625     7.47    8.70
  63197.154    56.196     8.88    8.01
  63486.590    57.903     5.90    8.19
  63776.030    59.060     4.00    8.07
  64065.473    60.054     3.43    8.03
  64354.920    60.566     1.77    8.27
  64644.372    62.837     7.85    9.02
  64933.827    65.687     9.85    9.28
  65223.286    68.954    11.29    9.73
  65512.749    71.039     7.20    9.73
  65802.216    74.782    12.93    9.62
  66091.686    77.937    10.90    9.63
  66381.161    80.822     9.97    9.24
  66670.639    82.700     6.49    8.36
  66960.122    83.242     1.87    8.11
  67249.608    82.265    -3.38    7.15
  67539.098    82.504     0.83    6.88
  67828.593    83.734     4.25    7.43
  68118.091    85.487     6.06    7.95
  68407.593    87.506     6.97    8.57
  68697.098    90.420    10.06    9.02
  68986.608    92.872     8.47    9.14
  69276.122    94.687     6.27    8.88
  69565.640    96.570     6.51    9.04
  69855.161    99.533    10.23   10.60
  70144.687   102.851    11.46   10.50
  70434.216   103.954     3.81   10.55
  70723.749   104.496     1.87   11.35
  71013.286   105.396     3.11   11.36
  71302.828   105.196    -0.69   11.61
  71592.373   102.554    -9.12   11.16
  71881.922   101.376    -4.07   10.72
  72171.475    99.854    -5.26   10.45
  72461.031    96.511   -11.55   10.61
  72750.592    92.170   -14.99   10.94
  73040.157    87.087   -17.56    9.94
  73329.726    83.799   -11.35    8.95
  73619.298    81.570    -7.70    7.81
  73908.875    79.023    -8.80    7.70
  74198.455    77.970    -3.64    7.43
  74488.039    78.019     0.17    8.01
  74777.628    78.971     3.29    8.87
  75067.220    80.299     4.59    9.15
  75356.816    82.080     6.15    9.30
  75646.416    82.854     2.67    9.49
  75936.021    84.649     6.20    8.87
  76225.629    84.265    -1.33    9.22
  76515.241    82.454    -6.25    9.74
  76804.857    80.765    -5.83    9.55
  77094.477    78.002    -9.54    9.36
  77384.100    76.039    -6.78    9.25
  77673.728    74.757    -4.43    9.39
  77963.360    73.919    -2.89    8.96
  78252.996    72.833    -3.75    9.29
  78542.635    71.784    -3.62    9.65
  78832.279    70.570    -4.19    9.88
  79121.927    70.175    -1.36    9.91
  79410.871    69.196    -3.39    8.66
  79699.672    67.454    -6.03    7.91
  79988.477    66.713    -2.57    7.00
  80277.287    66.620    -0.32    6.71
  80566.100    65.554    -3.69    6.53
  80854.917    64.020    -5.31    6.97
  81143.739    63.052    -3.35    6.93
  81432.564    62.265    -2.73    5.77
  81721.393    60.920    -4.65    5.63
  82010.226    59.282    -5.67    4.80
  82299.063    57.773    -5.22    4.92
  82587.904    56.287    -5.15    4.74
  82876.749    54.971    -4.56    4.60
  83165.598    53.696    -4.42    4.28
  83454.450    52.183    -5.24    4.58
  83743.307    51.396    -2.72    4.88
  84032.168    50.187    -4.19    5.23
  84321.033    49.130    -3.66    6.03
  84609.901    48.581    -1.90    6.42
  84898.774    48.575    -0.02    6.47
  85187.650    48.420    -0.54    6.21
  85476.531    47.902    -1.79    5.71
  85765.416    47.462    -1.53    5.80
  86054.304    46.661    -2.77    6.00
  86343.196    45.903    -2.62    5.71
  86632.093    45.006    -3.11    5.72
  86920.993    45.310     1.05    6.03
  87209.898    45.937     2.17    6.51
  87498.806    47.259     4.58    6.57
  87787.718    48.670     4.88    5.88
  88076.635    49.428     2.62    5.59
  88365.555    49.039    -1.35    5.76
  88654.479    47.520    -5.26    6.44
  88943.407    45.560    -6.79    6.59
  89232.339    43.243    -8.02    7.28
  89521.276    40.454    -9.65    7.24
  89810.216    38.304    -7.44    6.86
  90099.160    35.723    -8.93    6.38
  90388.108    33.711    -6.96    6.62
  90677.060    31.174    -8.78    6.20
  90966.016    28.822    -8.14    5.21
  91254.977    27.040    -6.17    3.74
  91543.941    26.223    -2.83    2.95
  91832.909    25.604    -2.14    2.04
  92121.881    25.627     0.08    2.01
  92410.857    26.134     1.75    2.07
  92699.837    26.604     1.63    2.43
  92988.821    27.782     4.08    3.33
  93277.809    28.937     4.00    4.60
  93566.802    31.988    10.56    7.51
  93855.798    35.281    11.40    8.63
  94144.798    38.765    12.05    9.05
  94433.802    42.104    11.55    8.14
  94722.810    45.526    11.84    6.73
  95011.822    47.644     7.33    5.71
  95300.838    50.170     8.74    6.24
  95589.859    52.220     7.09    5.99
  95878.883    53.066     2.93    5.94
  96167.911    52.580    -1.68    6.76
  96456.943    51.437    -3.95    7.65
  96745.980    50.709    -2.52    7.24
  97035.020    50.324    -1.33    6.72
  97324.064    49.232    -3.78    6.00
  97613.112    49.005    -0.79    5.23
  97902.165    49.293     1.00    4.96
  98191.221    48.299    -3.44    5.53
  98480.282    46.720    -5.46    6.58
  98769.346    44.717    -6.93    6.24
  99058.414    42.969    -6.05    6.25
  99347.487    41.428    -5.33    5.48
  99636.563    40.849    -2.00    4.89
  99925.644    41.344     1.71    5.26
 100214.729    42.247     3.13    6.15
 100503.817    43.576     4.60    6.68
 100792.910    44.713     3.93    7.00
 101082.006    46.191     5.11    7.07
 101371.107    47.075     3.06    7.39
 101660.212    48.832     6.08    7.24
 101949.321    49.824     3.43    7.07
 102238.434    51.237     4.89    6.76
 102527.551    53.937     9.34    7.63
 102816.672    56.814     9.95    7.74
 103105.797    59.006     7.58    8.40
 103394.926    60.784     6.15    7.78
 103684.059    62.037     4.33    6.81
 103973.196    63.396     4.70    6.11
 104262.337    65.265     6.46    5.12
 104551.482    66.254     3.42    4.63
 104840.632    66.747     1.71    4.92
 105129.785    65.970    -2.69    5.51
 105418.943    65.570    -1.38    5.74
 105708.104    65.087    -1.67    6.21
 105997.270    63.170    -6.63    7.31
 106286.439    61.609    -5.40    7.14
 106575.613    60.437    -4.05    7.30
 106864.791    59.575    -2.98    7.28
 107153.973    57.921    -5.72    7.96
 107443.159    57.068    -2.95    8.01
 107732.349    57.310     0.84    7.66
 108021.543    57.575     0.92    7.25
 108310.741    57.989     1.43    6.42
 108599.943    59.117     3.90    6.63
 108889.149    60.649     5.30    6.97
 109178.360    63.576    10.12    7.16
 109467.574    65.816     7.75    7.14
 109756.792    69.282    11.98    6.45
 110046.015    72.052     9.58    6.91
 110335.242    73.598     5.35    7.00
 110624.473    74.855     4.35    6.83
 110913.707    74.990     0.47    5.90
 111202.946    73.523    -5.07    6.23
 111492.189    71.717    -6.25    6.87
 111781.436    69.888    -6.32    7.74
 112070.688    67.314    -8.90    7.69
 112359.943    66.575    -2.56    7.63
 112649.202    66.554    -0.07    8.14
 112938.466    67.073     1.79    8.40
 113227.733    69.237     7.48    9.03
 113517.005    72.254    10.43    8.83
 113806.281    75.937    12.73    8.19
 114095.561    80.870    17.05    9.94
 114384.845    83.540     9.23   10.59
 114674.133    87.537    13.82   11.63
 114963.425    92.644    17.65   12.52
 115252.721    97.183    15.69   11.45
 115542.022   100.683    12.10    8.93
 115831.326   103.170     8.60    6.93
 116120.635   104.402     4.26    6.42
 116409.948   105.060     2.27    7.33
 116699.265   104.130    -3.21    9.80
 116988.586   103.954    -0.61   10.52
 117277.911   101.840    -7.30   11.37
 117567.240    98.106   -12.91   12.88
 117856.573    95.040   -10.60   13.05
 118145.911    91.920   -10.78   12.22
 118435.252    88.337   -12.38   10.66
 118724.598    87.019    -4.56   10.67
 119013.948    86.023    -3.44   11.83
 119303.302    87.837     6.27   14.86
 119592.660    89.437     5.53   17.24
 119882.022    92.187     9.50   19.18
 120171.388    97.711    19.09   21.05
 120460.759   102.767    17.47   22.30
 120750.133   107.670    16.94   22.88
 121039.512   111.554    13.42   21.65
 121328.895   115.411    13.33   19.57
 121618.282   120.592    17.90   15.23
 121907.673   120.904     1.08   14.57
 122197.068   122.117     4.19   12.42
 122486.468   122.885     2.65    9.28
 122775.871   124.327     4.98    9.04
 123065.279   126.471     7.41    8.01
 123354.691   125.953    -1.79    7.94
 123644.107   125.428    -1.81    8.26
 123933.527   124.134    -4.47    8.99
 124222.951   123.661    -1.63    9.13
 124512.380   123.564    -0.34    9.45
 124801.812   123.396    -0.58    9.25
 125091.249   124.020     2.16    8.56
 125380.690   126.004     6.85    8.68
 125670.135   128.761     9.53    8.87
 125959.584   132.765    13.83    9.53
 126249.038   136.344    12.37    9.94
 126538.495   140.615    14.76    9.01
 126827.957   141.969     4.68    7.66
 127117.423   141.385    -2.02    8.18
 127406.893   137.537   -13.29   11.38
 127696.367   134.058   -12.02   12.47
 127985.846   130.494   -12.31   11.84
 128275.328   128.270    -7.68   10.17
 128564.815   127.404    -2.99    8.63
 128854.306   128.921     5.24   10.19
 129143.801   132.385    11.97   11.31
 129433.300   138.020    19.47   11.96
 129722.803   144.161    21.21   12.13
 130012.311   147.166    10.38   11.73
 130301.823   149.649     8.57   10.97
 130591.339   152.174     8.72    9.95
 130880.859   154.540     8.17    9.63
 131170.383   157.674    10.82    8.82
 131459.912   161.822    14.33   10.88
 131749.444   167.237    18.70   12.51
 132038.981   172.905    19.58   12.72
 132328.522   177.666    16.44   12.36
 132618.068   181.265    12.43   11.58
 132907.617   182.259     3.43   10.72
 133197.171   182.140    -0.41   10.60
 133486.728   179.654    -8.59   12.17
 133776.291   179.213    -1.52   12.66
 134065.857   177.378    -6.34   13.92
 134355.427   177.767     1.35   14.59
 134645.002   179.019     4.32   15.89
 134934.581   181.789     9.57   16.16
 135224.164   186.564    16.49   16.51
 135513.751   191.378    16.62   15.24
 135803.342   192.387     3.49   13.77
 136092.938   193.770     4.78   12.98
 136382.538   195.157     4.79   13.46
 136672.142   197.001     6.37   13.79
 136961.750   194.037   -10.24   15.40
 137251.363   188.213   -20.11   16.40
 137540.979   183.750   -15.41   14.37
 137830.600   180.678   -10.61   13.42
 138120.225   180.052    -2.16   13.98
 138409.855   180.747     2.40   15.54
 138699.488   183.904    10.90   16.40
 138989.126   189.644    19.82   16.13
 139278.768   196.902    25.06   15.93
 139568.414   201.389    15.49   16.78
 139858.065   204.287    10.01   15.86
 140147.719   207.163     9.93   14.91
 140437.378   210.025     9.88   12.93
 140727.041   211.730     5.89   13.33
 141016.709   210.462    -4.38   15.13
 141306.380   209.254    -4.17   15.27
 141595.554   208.609    -2.23   15.17
 141884.323   207.644    -3.34   13.76
 142173.097   206.720    -3.20   12.97
 142461.874   203.144   -12.39   11.43
 142750.656   199.675   -12.01   12.21
 143039.442   196.720   -10.23   12.14
 143328.232   195.904    -2.83   11.99
 143617.027   195.104    -2.77   12.15
 143905.825   195.023    -0.28   11.80
 144194.628   195.520     1.72   12.18
 144483.435   192.799    -9.42   12.94
 144772.246   191.810    -3.42   12.49
 145061.062   188.920   -10.01   11.29
 145349.882   186.089    -9.80   10.06
 145638.706   184.661    -4.95    8.36
 145927.534   185.333     2.33    8.33
 146216.366   188.470    10.86    8.32
 146505.203   193.004    15.70    9.79
 146794.044   198.211    18.03   12.31
 147082.889   202.717    15.60   14.01
 147371.738   207.730    17.36   14.06
 147660.592   211.298    12.35   13.15
 147949.449   216.089    16.59   10.44
 148238.311   218.019     6.68    9.83
 148527.178   219.506     5.15   10.25
 148816.048   216.801    -9.36   12.58
 149104.923   215.644    -4.01   13.89
 149393.802   214.304    -4.64   13.63
 149682.685   213.740    -1.95   13.80
 149971.573   213.437    -1.05   13.35
 150260.464   214.187     2.60   13.32
 150549.360   216.804     9.06   14.65
 150838.261   221.140    15.01   15.00
 151127.165   228.106    24.11   15.68
 151416.074   234.560    22.34   16.96
 151704.987   242.970    29.11   18.99
 151993.904   251.225    28.57   21.30
 152282.825   258.687    25.83   20.87
 152571.751   269.437    37.21   18.83
 152860.681   275.020    19.33   17.26
 153149.615   278.804    13.09   18.31
 153438.554   281.970    10.96   20.99
 153727.497   281.833    -0.47   27.18
 154016.444   278.902   -10.14   31.94
 154305.395   272.954   -20.59   36.15
 154594.350   264.971   -27.63   39.12
 154883.310   257.691   -25.19   40.51
 155172.274   246.462   -38.86   40.94
 155461.243   235.282   -38.69   32.40
 155750.215   230.040   -18.14   31.19
 156039.192   229.520    -1.80   29.64
 156328.173   233.647    14.28   29.59
 156617.159   240.006    22.01   27.72
 156906.148   247.087    24.50   23.62
 157195.143   250.169    10.67   19.30
 157484.141   250.687     1.79   18.79
 157773.143   247.888    -9.69   21.65
 158062.150   242.704   -17.94   24.02
 158351.161   237.757   -17.12   23.07
 158640.177   233.288   -15.46   20.14
 158929.196   230.737    -8.83   18.05
 159218.220   232.782     7.08   16.91
 159507.249   236.034    11.25   16.09
 159796.281   241.187    17.83   15.77
 160085.318   245.052    13.37   15.79
 160374.359   250.006    17.14   15.86
 160663.405   255.040    17.42   14.86
 160952.455   259.820    16.54   12.49
 161241.509   261.854     7.03   10.93
 161530.567   261.759    -0.33   12.54
 161819.630   260.237    -5.27   13.11
 162108.696   259.696    -1.87   12.82
 162397.768   259.661    -0.12   11.89
 162686.843   264.437    16.52   17.97
 162975.923   271.986    26.12   26.84
 163265.007   278.402    22.20   32.96
 163554.096   284.073    19.61   38.51
 163843.189   284.230     0.54   38.89
 164132.286   284.987     2.62   44.39
 164421.387   280.540   -15.38   44.90
 164710.493   272.120   -29.13   44.16
 164999.603   267.004   -17.70   54.57
 165288.717   259.990   -24.26   58.54
 165577.836   254.513   -18.94   61.83
 165866.959   250.487   -13.93   66.69
 166156.086   251.413     3.20   68.65
 166445.218   246.254   -17.84   66.33
 166734.354   244.005    -7.78   64.41
 167023.494   240.837   -10.96   61.36
 167312.639   234.973   -20.28   56.44
 167601.788   226.270   -30.10   50.17
 167890.941   216.337   -34.35   40.62
 168180.099   204.822   -39.82   32.89
 168469.260   194.513   -35.65   24.73
 168758.427   186.506   -27.69   18.38
 169047.597   180.304   -21.45   14.69
 169336.772   177.075   -11.17   13.62
 169625.952   179.560     8.59   17.94
 169915.135   184.661    17.64   21.11
 170204.323   193.368    30.11   26.72
 170493.515   200.954    26.23   31.46
 170782.712   214.347    46.31   38.37
 171071.913   222.314    27.55   39.21
 171361.118   230.316    27.67   43.07
 171650.328   240.921    36.67   48.67
 171939.542   248.402    25.87   48.92
 172228.761   258.411    34.61   50.85
 172517.983   264.642    21.54   51.65
 172807.210   265.276     2.19   52.42
 173096.442   271.501    21.53   55.91
 173385.678   275.954    15.40   58.52
 173674.918   285.520    33.07   70.99
 173964.162   305.919    70.53   94.51
 174253.411   312.566    22.98  102.65
 174542.664   334.087    74.41  114.59
 174831.922   352.429    63.41  121.04
 175121.184   375.299    79.07  118.40
 175410.450   390.109    51.20  110.34
 175699.721   392.004     6.55   98.02
 175988.996   395.282    11.33   83.99
 176278.276   396.363     3.74   69.75
 176567.559   404.904    29.52   60.36
 176856.848   411.954    24.37   60.77
 177146.140   427.023    52.09   63.94
 177435.437   456.700   102.59   72.38
 177724.738   471.494    51.14   65.26
 178014.044   474.161     9.22   62.70
 178303.354   467.454   -23.19   66.09
 178592.669   451.865   -53.88   70.26
 178881.987   432.395   -67.30   73.45
 179171.311   406.614   -89.11   65.73
 179460.638   388.020   -64.27   46.57
 179749.970   379.759   -28.55   43.23
 180039.307   381.481     5.95   46.14
 180328.647   377.270   -14.55   47.52
 180617.993   374.310   -10.23   51.04
 180907.342   366.413   -27.29   55.65
 181196.696   363.412   -10.37   59.19
 181486.054   356.087   -25.32   61.82
 181775.417   335.581   -70.87   58.73
 182064.784   317.025   -64.13   51.91
 182354.156   305.724   -39.06   48.31
 182643.532   293.344   -42.78   34.55
 182932.912   291.453    -6.53   32.31
 183222.297   297.988    22.58   40.04
 183511.686   311.730    47.49   55.99
 183801.080   329.937    62.92   61.28
 184090.478   347.989    62.38   61.39
 184379.880   354.199    21.46   59.65
 184669.287   358.885    16.19   62.84
 184958.698   351.361   -26.00   69.69
 185248.114   341.540   -33.93   70.20
 185537.534   324.954   -57.31   61.36
 185826.958   320.518   -15.33   54.44
 186116.387   317.852    -9.21   44.59
 186405.820   314.287   -12.32   35.28
 186695.258   310.713   -12.35   29.59
 186984.700   309.378    -4.61   29.21
 187274.146   300.587   -30.37   28.86
 187563.597   288.871   -40.48   28.76
 187853.053   281.630   -25.02   31.10
 188142.513   274.183   -25.73   31.48
 188431.977   270.654   -12.19   38.98
 188721.446   272.383     5.98   42.29
 189010.919   266.953   -18.76   44.47
 189300.396   261.787   -17.85   48.20
 189589.878   255.437   -21.94   51.48
 189879.365   243.230   -42.17   52.18
 190168.856   226.368   -58.25   39.00
 190458.351   217.470   -30.74   28.97
 190747.851   210.592   -23.76   18.46
 191037.355   206.404   -14.47   15.62
 191326.863   203.089   -11.45   15.45
 191616.376   201.730    -4.70   15.98
 191905.894   201.333    -1.37   16.69
 192195.416   203.770     8.42   27.12
 192484.942   212.675    30.76   42.01
 192774.473   224.144    39.62   52.40
 193064.008   234.287    35.03   54.44
 193353.548   240.223    20.50   55.51
 193643.092   247.354    24.63   52.73
 193932.641   250.163     9.70   48.90
 194222.194   251.770     5.55   46.09
 194511.752   256.405    16.01   42.29
 194801.314   261.516    17.65   41.45
 195090.880   265.887    15.10   38.48
 195380.451   273.765    27.21   34.17
 195670.027   277.412    12.60   30.92
 195959.607   284.354    23.97   27.63
 196249.191   291.073    23.20   25.81
 196538.780   293.558     8.58   24.85
 196828.373   294.411     2.95   23.51
 197117.971   293.740    -2.32   24.90
 197407.573   290.204   -12.21   26.35
 197697.180   284.211   -20.69   31.31
 197986.791   278.208   -20.73   33.03
 198276.407   267.661   -36.42   32.66
 198566.027   260.570   -24.48   29.08
 198855.651   256.902   -12.66   24.04
 199145.281   253.199   -12.79   21.02
 199434.914   250.989    -7.63   21.20
 199724.552   250.462    -1.82   20.22
 200014.195   248.454    -6.93   21.58
 200303.842   244.270   -14.45   24.34
 200593.493   234.445   -33.92   26.44
 200883.149   227.242   -24.87   24.77
 201172.810   223.954   -11.35   23.56
 201462.475   225.620     5.75   24.43
 201752.144   226.734     3.84   26.01
 202041.818   229.627     9.99   27.00
 202331.497   236.199    22.69   29.61
 202621.180   245.543    32.26   28.96
 202910.867   255.445    34.18   25.54
 203200.559   259.242    13.11   24.07
 203490.256   258.540    -2.42   24.24
 203779.693   252.855   -19.64   26.97
 204068.425   244.225   -29.89   28.11
 204357.162   238.298   -20.53   27.64
 204645.904   235.265   -10.51   25.54
 204934.650   229.123   -21.27   19.79
 205223.401   229.211     0.30   17.47
 205512.156   229.344     0.46   14.92
 205800.916   229.330    -0.05   13.28
 206089.680   228.095    -4.28   13.52
 206378.448   225.937    -7.47   14.48
 206667.221   224.496    -4.99   15.49
 206955.999   220.642   -13.35   14.75
 207244.781   215.759   -16.91   14.08
 207533.567   213.265    -8.64   14.38
 207822.358   210.037   -11.18   16.21
 208111.154   208.670    -4.73   15.95
 208399.953   205.237   -11.89   14.19
 208688.758   200.632   -15.95   12.54
 208977.567   196.298   -15.01   13.46
 209266.380   189.937   -22.02   17.90
 209555.198   181.885   -27.88   21.41
 209844.021   173.237   -29.95   21.63
 210132.848   164.471   -30.35   21.43
 210421.679   156.560   -27.39   21.56
 210710.515   149.054   -25.99   22.54
 210999.355   141.854   -24.93   21.33
 211288.200   137.196   -16.13   19.05
 211577.050   136.023    -4.06   18.05
 211865.904   137.969     6.74   19.02
 212154.762   144.687    23.26   20.85
 212443.625   149.804    17.71   20.05
 212732.493   156.402    22.85   17.73
 213021.365   160.178    13.07   15.95
 213310.241   159.005    -4.06   16.36
 213599.122   156.970    -7.04   16.60
 213888.008   153.098   -13.40   16.56
 214176.898   149.609   -12.08   14.17
 214465.793   146.170   -11.91   13.01
 214754.692   144.498    -5.79   10.26
 215043.595   142.037    -8.52   10.18
 215332.504   142.478     1.53    9.59
 215621.416   142.937     1.59    7.31
 215910.334   144.707     6.13    7.66
 216199.255   146.604     6.56    7.45
 216488.182   148.754     7.44    7.43
 216777.112   149.213     1.59    7.05
 217066.048   148.953    -0.90    6.99
 217354.988   147.454    -5.19    8.27
 217643.932   146.487    -3.35    9.17
 217932.881   146.540     0.18   10.69
 218221.835   148.920     8.23   13.29
 218510.793   151.070     7.44   15.01
 218799.755   156.554    18.98   16.72
 219088.723   160.050    12.10   16.67
 219377.694   161.293     4.30   15.84
 219666.670   159.247    -7.08   17.18
 219955.651   157.420    -6.32   17.20
 220244.637   153.632   -13.11   16.22
 220533.626   150.363   -11.31   15.18
 220822.621   145.799   -15.79   11.29
 221111.620   143.937    -6.44   11.33
 221400.623   141.383    -8.84   11.79
 221689.632   141.554     0.59   11.66
 221978.644   140.130    -4.92   11.37
 222267.661   138.704    -4.94   11.89
 222556.683   136.856    -6.39   11.85
 222845.710   135.463    -4.82   11.28
 223134.741   132.787    -9.26   12.25
 223423.776   130.523    -7.83   12.64
 223712.816   128.985    -5.32   12.49
 224001.861   127.576    -4.88   11.74
 224290.910   125.740    -6.35   10.67
 224579.964   123.713    -7.01   10.50
 224869.022   122.726    -3.41   10.61
 225158.085   119.806   -10.10   11.38
 225447.152   116.470   -11.54   12.63
 225736.224   112.921   -12.28   12.65
 226025.301   109.174   -12.96   12.19
 226314.382   106.247   -10.13   10.80
 226603.468   103.730    -8.71    8.07
 226892.558   101.782    -6.74    7.12
 227181.653   100.593    -4.11    6.72
 227470.753    99.178    -4.89    6.16
 227759.857    98.988    -0.66    7.03
 228048.966    98.161    -2.86    7.00
 228338.079    96.804    -4.70    7.42
 228627.197    96.064    -2.56    7.32
 228916.319    94.887    -4.07    7.16
 229205.446    94.804    -0.29    7.18
 229494.578    94.609    -0.67    7.66
 229783.714    95.320     2.46    9.06
 230072.855    95.276    -0.15   10.09
 230362.001    96.614     4.63   11.68
 230651.151    98.372     6.08   12.90
 230940.305    99.937     5.41   13.51
 231229.465   101.598     5.74   13.35
 231518.629   103.218     5.60   12.40
 231807.797   103.048    -0.59   11.48
 232096.970   104.237     4.11    9.99
 232386.148   102.363    -6.48   10.17
 232675.330    99.344   -10.44   10.87
 232964.517    96.575    -9.58   10.60
 233253.709    93.004   -12.35   10.40
 233542.905    90.161    -9.83    9.85
 233832.106    87.855    -7.97    9.29
 234121.311    84.954   -10.03    8.01
 234410.521    83.310    -5.69    6.72
 234699.736    83.816     1.75    7.76
 234988.955    86.543     9.43   10.27
 235278.179    90.096    12.28   12.46
 235567.407    93.316    11.14   12.71
 235856.640    96.304    10.33   11.18
 236145.878    98.174     6.47    9.99
 236435.120    99.310     3.93    8.54
 236724.367   100.970     5.74    6.98
 237013.619   101.560     2.04    6.76
 237302.875   101.159    -1.39    7.77
 237592.136   100.402    -2.62    8.60
 237881.402    99.737    -2.30    9.44
 238170.672    97.883    -6.41    8.38
 238459.947    98.001     0.41    8.21
 238749.226    97.837    -0.57    6.85
 239038.510    99.298     5.05    7.09
 239327.799   101.040     6.02    7.42
 239617.092   103.437     8.28    8.06
 239906.390   105.987     8.82    8.97
 240195.693   109.247    11.27    9.44
 240485.000   112.380    10.83    8.20
 240774.312   114.713     8.07    6.63
 241063.629   115.920     4.17    5.89
 241352.950   114.886    -3.57    7.53
 241642.276   112.019    -9.91    9.56
 241931.607   108.114   -13.50   10.69
 242220.942   103.558   -15.75   10.54
 242510.282    99.986   -12.34    9.13
 242799.626    97.720    -7.83    7.76
 243088.976    96.208    -5.23    6.53
 243378.329    96.276     0.23    7.50
 243667.688    97.237     3.32    8.00
 243957.051    98.265     3.55    8.37
 244246.419    99.730     5.06    8.18
 244535.792   101.170     4.98    8.63
 244825.169   101.265     0.33    8.73
 245114.551   102.855     5.50    9.39
 245403.937   102.920     0.23    9.08
 245693.329   103.270     1.21    8.72
 245982.724   103.937     2.30    8.41
 246272.125   105.395     5.04    8.18
 246561.530   107.034     5.66    7.39
 246850.940   109.304     7.84    6.68
 247140.355   111.582     7.87    6.87
 247429.774   113.779     7.59    5.53
 247719.198   114.696     3.17    4.39
 248008.627   115.089     1.36    3.77
 248298.060   114.920    -0.59    3.88
 248587.498   113.727    -4.12    4.70
 248876.941   113.506    -0.76    4.96
 249166.388   113.804     1.03    6.35
 249455.841   115.678     6.48    8.11
 249745.297   118.576    10.01   10.07
 250034.759   122.412    13.25   10.07
 250324.225   125.004     8.95    8.53
 250613.696   126.265     4.36    8.02
 250903.172   127.385     3.87    7.74
 251192.652   126.287    -3.79    9.47
 251482.137   124.523    -6.09   10.47
 251771.627   120.872   -12.61   11.99
 252061.121   116.988   -13.42   13.57
 252350.620   112.754   -14.63   14.63
 252640.124   108.265   -15.51   14.28
 252929.633   104.095   -14.40   12.08
 253219.146   101.501    -8.96    7.57
 253508.664   101.670     0.58    8.36
 253798.186   103.308     5.66   10.72
 254087.714   106.259    10.19   12.72
 254377.246   110.092    13.24   12.24
 254666.783   114.513    15.27   11.39
 254956.324   118.720    14.53   10.21
 255245.871   121.740    10.43    9.76
 255535.422   124.351     9.02    9.55
 255824.977   128.387    13.94    9.30
 256114.538   130.385     6.90    8.84
 256404.103   132.084     5.87    8.71
 256693.673   132.117     0.11    8.80
 256983.247   131.378    -2.55    9.78
 257272.827   129.470    -6.59   11.06
 257562.411   125.387   -14.10   11.40
 257852.000   121.265   -14.24   11.64
 258141.593   115.816   -18.82   11.07
 258431.192   112.114   -12.78   10.61
 258720.795   108.511   -12.44    9.79
 259010.402   105.282   -11.15    8.93
 259300.015   104.454    -2.86    8.67
 259589.632   104.040    -1.43    7.79
 259879.254   102.232    -6.24    8.43
 260168.881   101.178    -3.64    8.31
 260458.512    99.537    -5.67    8.95
 260748.149    98.316    -4.21    8.68
 261037.790    95.178   -10.83    9.34
 261327.435    90.822   -15.04    9.91
 261617.086    86.954   -13.36   10.78
 261906.741    81.582   -18.55   12.05
 262196.401    76.312   -18.20   11.40
 262486.066    70.704   -19.36   10.66
 262775.735    66.481   -14.58    8.63
 263065.410    63.032   -11.91    6.92
 263355.089    60.759    -7.85    5.54
 263644.772    59.170    -5.49    4.12
 263934.461    58.022    -3.97    3.77
 264224.154    57.851    -0.59    3.85
 264513.852    57.220    -2.18    4.81
 264803.555    56.564    -2.27    6.50
 265093.263    55.147    -4.89    8.31
 265382.975    53.954    -4.12    9.37
 265672.692    53.351    -2.08   10.05
 265962.414    53.208    -0.49   10.24
 266251.128    52.989    -0.76   10.64
 266539.834    53.871     3.06   11.20
 266828.544    53.989     0.41   11.50
 267117.260    55.683     5.87   11.62
 267405.980    57.109     4.94   11.53
 267694.705    60.106    10.38   10.09
 267983.435    61.921     6.28    9.07
 268272.170    63.637     5.94    7.30
 268560.909    65.147     5.23    6.08
 268849.653    66.598     5.03    4.47
 269138.402    67.604     3.48    5.40
 269427.155    68.496     3.09    5.61
 269715.914    68.826     1.14    7.06
 270004.677    69.372     1.89    7.49
 270293.445    70.037     2.30    7.97
 270582.217    71.174     3.94    9.30
 270870.994    72.919     6.04    9.59
 271159.777    74.204     4.45   10.32
 271448.563    77.462    11.29   11.17
 271737.355    79.598     7.40   12.52
 272026.151    82.513    10.09   14.70
 272314.953    87.196    16.21   16.59
 272603.759    89.445     7.79   18.28
 272892.569    94.902    18.90   18.81
 273181.385    99.593    16.24   19.61
 273470.205   104.333    16.42   17.79
 273759.030   107.254    10.11   17.56
 274047.860   108.644     4.81   17.69
 274336.694   113.157    15.63   17.54
 274625.534   117.001    13.31   18.40
 274914.378   121.970    17.20   18.16
 275203.227   127.619    19.56   18.00
 275492.080   132.437    16.68   15.57
 275780.939   135.704    11.31   12.90
 276069.802   136.479     2.69   11.51
 276358.670   134.746    -6.00   11.98
 276647.543   130.130   -15.98   14.77
 276936.421   123.837   -21.79   16.64
 277225.303   115.056   -30.40   17.43
 277514.190   106.713   -28.88   17.14
 277803.082   101.970   -16.42   14.67
 278091.979    97.632   -15.02   11.30
 278380.881    94.985    -9.16    8.94
 278669.787    94.818    -0.58    8.54
 278958.698    97.420     9.00    7.92
 279247.614   100.140     9.42    7.09
 279536.535   102.713     8.90    6.50
 279825.461   105.117     8.32    7.01
 280114.391   107.902     9.64    8.41
 280403.326   112.337    15.35    9.81
 280692.266   115.971    12.58   10.98
 280981.211   121.089    17.71   11.51
 281270.161   124.663    12.37    9.52
 281559.115   126.087     4.93    7.11
 281848.074   124.365    -5.96    9.85
 282137.038   120.937   -11.87   13.23
 282426.007   112.937   -27.69   17.09
 282714.981   105.293   -26.45   17.81
 283003.960   100.159   -17.77   16.10
 283292.943    97.808    -8.14   14.49
 283581.931    96.254    -5.38   14.18
 283870.924    97.039     2.72   15.09
 284159.922    99.023     6.87   16.24
 284448.925   102.170    10.89   15.73
 284737.932   108.140    20.66   13.32
 285026.944   111.731    12.42   13.51
 285315.962   113.632     6.58   11.51
 285604.984   113.368    -0.91   11.46
 285894.010   113.005    -1.26   11.57
 286183.042   112.075    -3.22   11.87
 286472.078   114.035     6.78   14.89
 286761.120   116.144     7.30   17.11
 287050.166   117.437     4.47   18.36
 287339.217   119.127     5.85   18.33
 287628.273   123.801    16.17   15.38
 287917.333   122.389    -4.89   15.70
 288206.399   120.004    -8.25   17.00
 288495.469   115.582   -15.30   17.23
 288784.545   112.446   -10.85   17.07
 289073.625   110.670    -6.14   16.19
 289362.710   112.344     5.79   15.27
 289651.799   117.508    17.87   14.74
 289940.894   120.810    11.42   15.04
 290229.994   122.837     7.01   14.81
 290519.098   123.637     2.77   16.57
 290808.207   122.023    -5.58   18.49
 291097.321   119.537    -8.60   19.38
 291386.440   115.104   -15.34   19.37
 291675.564   114.334    -2.66   18.50
 291964.693   113.157    -4.07   18.65
 292253.826   113.506     1.21   16.77
 292542.964   113.717     0.73   13.22
 292832.108   115.299     5.47   11.65
 293121.256   117.363     7.14   11.96
 293410.409   117.937     1.98   11.46
 293699.567   121.615    12.72   12.81
 293988.729   123.213     5.53   14.54
 294277.897   123.670     1.58   14.76
 294567.070   124.501     2.87   14.52
 294856.247   126.005     5.20   15.89
 295145.429   130.101    14.17   19.41
 295434.616   132.849     9.50   22.23
 295723.808   139.428    22.75   24.85
 296013.005   142.804    11.67   24.57
 296302.207   145.096     7.93   23.79
 296591.414   148.096    10.37   23.19
 296880.625   150.320     7.69   22.69
 297169.842   151.904     5.48   21.59
 297459.063   152.095     0.66   20.36
 297748.289   154.429     8.07   19.94
 298037.520   161.670    25.04   21.23
 298326.756   166.534    16.82   18.76
 298615.997   167.320     2.72   18.31
 298905.243   167.351     0.11   17.24
 299194.494   168.191     2.91   17.42
 299483.749   170.489     7.94   20.21
 299773.010   168.642    -6.39   21.84
 300062.275   169.333     2.39   25.53
 300351.546   177.666    28.81   32.18
 300640.821   185.851    28.30   36.34
 300930.101   187.615     6.10   37.02
 301219.386   183.715   -13.48   37.59
 301508.676   177.632   -21.03   34.61
 301797.971   172.087   -19.17   31.37
 302087.271   165.867   -21.50   26.98
 302376.575   160.700   -17.86   17.43
 302665.885   163.337     9.12   17.35
 302955.200   167.566    14.62   19.52
 303244.519   173.556    20.71   21.89
 303533.843   180.022    22.35   24.83
 303823.173   183.154    10.83   23.52
 304112.507   191.205    27.83   22.82
 304401.846   192.619     4.89   21.79
 304691.190   189.387   -11.17   22.06
 304980.539   180.740   -29.89   22.31
 305269.893   176.530   -14.55   23.79
 305559.252   175.902    -2.17   25.10
 305848.616   175.637    -0.92   26.70
 306137.985   176.316     2.35   29.33
 306427.358   177.511     4.13   31.32
 306716.737   183.971    22.33   35.58
 307006.120   196.445    43.11   35.55
 307295.509   206.713    35.48   34.69
 307584.902   212.691    20.66   32.71
 307874.301   208.889   -13.14   30.19
 308163.704   207.487    -4.85   26.46
 308453.112   206.004    -5.13   25.07
 308742.525   203.787    -7.66   25.65
 309031.944   202.513    -4.40   25.80
 309321.367   198.615   -13.47   21.38
 309610.795   198.822     0.72   18.01
 309900.228   197.232    -5.49   17.13
 310189.666   195.971    -4.36   18.03
 310479.109   199.320    11.57   21.97
 310768.557   201.169     6.39   24.63
 311058.009   205.593    15.28   28.80
 311347.467   209.547    13.66   29.81
 311636.930   210.888     4.63   31.15
 311926.398   209.971    -3.17   27.35
 312215.870   210.144     0.60   28.18
 312505.348   208.560    -5.47   24.73
 312794.831   206.649    -6.60   19.93
 313084.318   211.035    15.15   22.43
 313373.811   213.592     8.83   21.56
 313663.308   216.717    10.79   17.59
 313952.811   217.157     1.52   14.01
 314242.318   219.658     8.64   12.10
 314531.831   220.625     3.34   11.69
 314821.348   220.666     0.14   10.31
 315110.870   223.039     8.20   12.48
 315400.398   225.004     6.79   15.58
 315689.930   233.037    27.75   24.44
 315979.468   243.208    35.13   29.08
 316269.010   254.872    40.29   31.50
 316558.557   267.380    43.20   30.16
 316848.110   278.361    37.93   25.73
 317137.667   285.428    24.41   23.25
 317427.229   287.782     8.13   21.63
 317716.796   289.478     5.86   19.76
 318006.369   290.799     4.56   16.94
 318295.946   294.166    11.63   16.31
 318585.528   297.644    12.01   16.22
 318875.115   301.564    13.54   16.29
 319164.708   304.462    10.01   15.81
 319454.305   305.237     2.68   18.69
 319743.907   296.098   -31.56   29.15
 320033.514   287.080   -31.14   33.14
 320323.127   277.204   -34.11   32.82
 320612.744   274.767    -8.41   29.87
 320902.366   274.873     0.37   29.11
 321191.994   276.363     5.14   28.93
 321481.626   279.570    11.07   28.43
 321771.263   284.971    18.65   24.10
 322060.905   277.265   -26.61   31.40
 322350.553   269.870   -25.53   33.59
 322640.205   262.700   -24.76   30.76
 322929.863   259.635   -10.58   29.35
 323219.525   259.479    -0.54   30.18
 323509.192   263.316    13.25   31.35
 323798.865   271.734    29.06   32.62
 324088.542   280.420    29.99   30.32
 324378.225   289.019    29.69   29.29
 324667.912   291.765     9.48   26.31
 324957.605   297.581    20.08   24.24
 325247.302   300.489    10.04   24.63
 325537.005   304.020    12.19   20.86
 325826.713   311.731    26.62   24.15
 326116.425   313.637     6.58   20.34
 326406.143   313.304    -1.15   19.57
 326695.866   314.609     4.51   18.05
 326985.593   318.370    12.98   18.45
 327275.326   319.720     4.66   18.52
 327565.064   317.477    -7.74   18.91
 327854.807   315.985    -5.15   19.75
 328144.555   318.411     8.38   19.97
 328433.543   319.754     4.64   22.45
 328722.216   322.586     9.81   25.61
 329010.894   322.905     1.10   24.75
 329299.576   322.054    -2.95   24.66
 329588.264   318.034   -13.93   26.09
 329876.957   316.411    -5.62   27.75
 330165.655   312.506   -13.53   26.72
 330454.357   308.157   -15.06   25.87
 330743.065   302.592   -19.28   25.43
 331031.778   298.773   -13.23   25.38
 331320.496   295.454   -11.50   24.47
 331609.218   293.089    -8.19   24.81
 331897.946   292.902    -0.65   22.07
 332186.679   291.037    -6.46   20.65
 332475.417   299.492    29.29   21.93
 332764.160   308.254    30.35   23.20
 333052.908   321.469    45.77   35.27
 333341.661   334.656    45.67   40.26
 333630.419   345.237    36.65   41.96
 333919.182   357.293    41.75   41.99
 334207.950   364.000    23.23   39.05
 334496.723   371.347    25.44   38.02
 334785.501   378.527    24.87   38.92
 335074.284   381.767    11.22   43.18
 335363.073   386.533    16.51   46.43
 335651.866   383.576   -10.24   46.06
 335940.664   381.089    -8.61   41.46
 336229.467   377.195   -13.49   42.01
 336518.276   369.670   -26.06   40.70
 336807.089   357.592   -41.82   37.29
 337095.908   351.058   -22.63   34.71
 337384.731   347.123   -13.62   29.99
 337673.560   351.134    13.89   32.33
 337962.393   358.437    25.29   38.89
 338251.232   367.496    31.37   38.83
 338540.076   377.393    34.27   37.86
 338828.924   381.870    15.50   37.56
 339117.778   377.159   -16.31   36.29
 339406.637   370.370   -23.51   35.20
 339695.501   362.166   -28.40   33.04
 339984.370   363.481     4.55   34.23
 340273.244   367.204    12.89   37.96
 340562.123   376.506    32.21   44.18
 340851.007   390.179    47.34   46.46
 341139.897   407.363    59.49   45.34
 341428.791   421.888    50.28   37.18
 341717.690   435.644    47.62   22.80
 342006.595   436.696     3.64   16.29
 342295.504   437.987     4.47   12.03
 342584.419   437.140    -2.93   11.21
 342873.339   436.630    -1.76   11.05
 343162.263   438.157     5.29   11.23
 343451.193   441.851    12.78   12.96
 343740.128   445.971    14.26   13.95
 344029.068   450.721    16.44   13.20
 344318.013   454.960    14.67   11.80
