-337724.696   185.256     0.00    4.45
-337435.206   185.336     0.28    5.15
-337145.720   185.305    -0.11    5.28
-336856.238   184.631    -2.33    5.18
-336566.760   184.093    -1.86    5.17
-336277.287   183.349    -2.57    5.59
-335987.817   183.031    -1.10    6.40
-335698.351   182.236    -2.75    6.16
-335408.890   181.935    -1.04    6.74
-335119.432   181.683    -0.87    7.26
-334829.979   180.315    -4.73    7.53
-334540.530   178.234    -7.19    7.58
-334251.085   176.761    -5.09    8.64
-333961.643   174.565    -7.59    8.87
-333672.206   172.604    -6.77    8.76
-333382.773   171.315    -4.46    7.37
-333093.344   169.565    -6.05    5.68
-332803.920   168.015    -5.36    4.57
-332514.499   167.018    -3.44    4.56
-332225.082   166.056    -3.32    5.98
-331935.669   164.315    -6.02    6.85
-331646.261   161.696    -9.05    7.15
-331356.856   159.137    -8.84    6.65
-331067.456   157.001    -7.38    5.90
-330778.059   155.125    -6.48    4.74
-330488.667   154.611    -1.78    4.04
-330199.279   155.849     4.28    6.64
-329909.894   157.306     5.04    7.43
-329620.514   157.418     0.39    8.05
-329331.138   157.933     1.78    8.03
-329041.766   157.004    -3.21    8.06
-328752.398   156.323    -2.35    8.20
-328463.034   155.315    -3.49    7.73
-328173.674   155.001    -1.08    6.96
-327884.318   156.306     4.51    7.72
-327594.966   158.078     6.12    8.73
-327305.618   160.590     8.68    9.82
-327016.275   164.601    13.86   10.47
-326726.935   166.765     7.48    9.97
-326437.599   167.524     2.63    9.65
-326148.268   167.901     1.30   10.02
-325858.940   166.831    -3.70   10.37
-325569.616   166.674    -0.54    9.97
-325280.297   166.356    -1.10    8.95
-324990.981   165.731    -2.16    7.50
-324701.670   167.011     4.42    6.55
-324412.362   168.228     4.21    5.29
-324123.059   168.404     0.61    5.19
-323833.760   166.998    -4.86    6.04
-323544.464   164.901    -7.25    7.18
-323255.173   161.060   -13.28    7.82
-322965.885   158.148   -10.07    7.02
-322676.602   155.935    -7.65    5.87
-322387.323   155.090    -2.92    5.32
-322098.048   154.832    -0.89    4.34
-321808.776   154.798    -0.12    4.43
-321519.509   154.952     0.53    4.56
-321230.246   155.698     2.58    4.25
-320940.987   155.763     0.22    4.69
-320651.731   155.125    -2.21    4.96
-320362.480   155.651     1.82    5.65
-320073.233   157.215     5.41    6.88
-319783.990   159.524     7.99    8.64
-319494.751   161.743     7.67    9.00
-319205.515   163.899     7.46    9.43
-318916.284   166.170     7.85    7.88
-318627.057   167.992     6.30    6.84
-318337.834   169.323     4.60    5.37
-318048.615   169.677     1.22    4.92
-317759.399   169.882     0.71    4.64
-317470.188   170.744     2.98    4.45
-317180.981   171.481     2.55    4.84
-316891.778   172.798     4.55    5.26
-316602.579   174.624     6.32    6.58
-316313.383   175.898     4.41    7.90
-316024.192   178.065     7.49    9.55
-315735.005   179.289     4.23    9.68
-315445.822   181.366     7.18    8.63
-315156.642   181.651     0.98    7.95
-314867.467   181.221    -1.48    8.13
-314578.296   179.470    -6.06    8.72
-314289.128   177.108    -8.17    8.76
-313999.965   174.556    -8.83    7.03
-313710.806   172.653    -6.58    5.98
-313421.650   170.348    -7.97    6.00
-313132.499   168.093    -7.80    6.79
-312843.351   166.004    -7.23    7.53
-312554.208   163.228    -9.60    7.86
-312265.068   159.715   -12.15    7.50
-311975.933   156.748   -10.26    5.87
-311686.801   155.175    -5.44    4.59
-311397.674   155.108    -0.23    4.67
-311108.550   155.731     2.16    4.59
-310819.430   156.487     2.61    4.67
-310530.315   157.487     3.46    4.71
-310241.203   159.175     5.84    5.00
-309952.095   162.526    11.59    9.69
-309662.991   166.340    13.19   14.67
-309373.892   171.565    18.07   21.88
-309084.796   178.998    25.71   28.08
-308795.704   196.004    58.83   49.94
-308506.616   217.044    72.79   69.18
-308217.532   246.503   101.91   88.48
-307928.452   285.521   134.99  100.27
-307639.375   319.628   117.99   97.16
-307350.303   365.711   159.43   77.62
-307061.235   382.995    59.80   70.90
-306772.171   394.543    39.95   69.81
-306483.110   392.749    -6.21   76.49
-306194.054   396.332    12.40   70.89
-305905.001   393.899    -8.42   69.43
-305615.953   399.524    19.46   56.17
-305326.908   405.665    21.25   46.47
-305037.867   405.815     0.52   47.37
-304748.831   393.762   -41.70   59.91
-304459.798   373.728   -69.32   81.58
-304170.769   355.357   -63.57   94.96
-303881.744   327.442   -96.59   97.56
-303592.723   298.454  -100.30   97.49
-303303.706   265.246  -114.91   86.85
-303014.693   241.165   -83.33   80.16
-302725.684   219.394   -75.34   58.67
-302436.678   204.581   -51.26   45.00
-302147.677   189.159   -53.37   23.33
-301858.680   184.131   -17.40   12.89
-301569.686   183.044    -3.76   12.52
-301280.696   180.470    -8.91    9.65
-300991.711   180.531     0.21   11.18
-300702.729   178.866    -5.76   10.54
-300413.751   179.110     0.84   10.48
-300124.777   178.781    -1.14    8.40
-299835.807   179.103     1.11    7.68
-299546.841   179.556     1.57    6.76
-299257.879   179.218    -1.17    6.19
-298968.920   178.831    -1.34    5.98
-298679.966   178.915     0.29    5.87
-298391.015   178.298    -2.13    5.79
-298102.069   176.255    -7.07    5.19
-297813.126   173.452    -9.70    4.60
-297524.187   172.948    -1.75    4.82
-297235.252   172.849    -0.34    4.80
-296946.321   171.765    -3.75    4.84
-296657.394   170.108    -5.74    4.60
-296368.471   170.263     0.54    5.20
-296079.552   171.642     4.77    5.95
-295790.636   174.126     8.60    7.90
-295501.725   175.379     4.34    9.00
-295212.817   177.004     5.63    9.47
-294923.913   178.048     3.61    8.94
-294635.014   178.384     1.16    8.09
-294346.118   178.459     0.26    8.14
-294057.226   178.648     0.66    7.16
-293768.337   179.798     3.98    7.46
-293479.453   181.992     7.60    7.90
-293190.573   185.464    12.02    7.42
-292901.696   187.415     6.75    6.97
-292612.823   188.815     4.85    6.49
-292323.954   187.444    -4.75    7.85
-292035.090   185.065    -8.24    9.50
-291746.228   182.339    -9.44   10.17
-291457.371   178.056   -14.83    9.57
-291168.518   174.516   -12.25    7.57
-290879.669   172.115    -8.32    6.30
-290590.823   169.194   -10.11    5.84
-290301.351   167.257    -6.69    6.32
-290011.676   164.731    -8.72    6.88
-289722.005   161.884    -9.83    6.72
-289432.338   159.832    -7.08    5.96
-289142.675   158.021    -6.25    4.41
-288853.015   157.716    -1.05    4.30
-288563.360   158.349     2.18    4.99
-288273.708   160.315     6.79    5.60
-287984.060   162.487     7.50    5.74
-287694.416   165.611    10.79    6.34
-287404.776   168.879    11.28    6.96
-287115.140   171.476     8.97    7.42
-286825.508   173.519     7.06    7.26
-286535.879   175.358     6.35    6.60
-286246.255   176.001     2.22    6.18
-285956.634   176.681     2.35    6.54
-285667.017   177.011     1.14    7.02
-285377.404   177.976     3.33    7.48
-285087.795   178.035     0.20    7.76
-284798.190   178.498     1.60    8.24
-284508.589   177.672    -2.85    6.99
-284218.991   177.880     0.72    6.38
-283929.398   177.481    -1.38    5.56
-283639.808   178.175     2.40    7.13
-283350.222   179.763     5.48    8.24
-283060.640   181.332     5.42    8.28
-282771.062   182.965     5.64    7.75
-282481.488   183.556     2.04    7.37
-282191.917   181.865    -5.84    8.63
-281902.351   181.015    -2.94    9.11
-281612.788   179.039    -6.82    7.81
-281323.229   178.004    -3.57    7.63
-281033.674   179.642     5.66    7.88
-280744.123   180.519     3.03    7.60
-280454.575   181.780     4.35    7.07
-280165.032   181.481    -1.03    6.80
-279875.492   179.493    -6.87    6.08
-279585.956   177.476    -6.97    6.80
-279296.424   176.011    -5.06    6.16
-279006.896   175.509    -1.73    5.66
-278717.372   174.831    -2.34    5.97
-278427.851   173.957    -3.02    5.56
-278138.335   174.035     0.27    5.95
-277848.822   174.315     0.97    5.46
-277559.313   174.169    -0.50    4.73
-277269.808   173.402    -2.65    4.62
-276980.306   171.967    -4.96    5.15
-276690.809   171.398    -1.97    5.09
-276401.315   171.350    -0.16    5.05
-276111.825   171.927     1.99    5.34
-275822.339   172.315     1.34    6.01
-275532.857   173.089     2.67    6.07
-275243.379   174.590     5.19    5.85
-274953.904   175.529     3.24    5.21
-274664.433   176.698     4.04    5.51
-274374.966   177.039     1.18    5.29
-274085.503   177.438     1.38    5.12
-273796.044   178.238     2.77    5.09
-273506.588   179.763     5.27    5.33
-273217.137   180.470     2.44    5.22
-272927.689   182.204     5.99    5.01
-272638.245   182.864     2.28    4.51
-272348.805   183.159     1.02    4.70
-272059.368   183.365     0.71    5.10
-271769.936   183.315    -0.17    5.19
-271480.507   182.452    -2.98    5.64
-271191.082   181.265    -4.10    5.92
-270901.660   179.415    -6.39    6.06
-270612.243   177.460    -6.75    6.39
-270322.829   176.207    -4.33    6.71
-270033.420   174.315    -6.54    6.57
-269744.014   173.263    -3.63    5.56
-269454.611   173.363     0.35    5.00
-269165.213   174.782     4.90    5.61
-268875.818   176.366     5.47    6.05
-268586.427   177.696     4.59    5.65
-268297.040   177.832     0.47    6.04
-268007.657   177.681    -0.52    6.16
-267718.277   175.548    -7.37    8.34
-267428.902   173.069    -8.57    9.73
-267139.530   170.315    -9.52    9.56
-266850.161   167.118   -11.05    8.84
-266560.797   165.476    -5.68    8.99
-266271.436   162.815    -9.20    8.58
-265982.080   160.388    -8.39    8.21
-265692.727   157.228   -10.92    6.92
-265403.377   154.866    -8.16    6.67
-265114.032   153.159    -5.90    5.98
-264824.690   152.018    -3.95    7.52
-264535.352   151.634    -1.33    8.03
-264246.018   152.625     3.42   10.46
-263956.687   154.048     4.92   12.64
-263667.361   154.534     1.68   12.63
-263378.038   154.815     0.97   12.45
-263088.719   156.131     4.55   11.41
-262799.403   156.681     1.90    9.96
-262510.092   155.508    -4.06    9.19
-262220.784   154.832    -2.34    8.09
-261931.480   154.215    -2.14    7.97
-261642.179   154.586     1.29    8.48
-261352.883   155.665     3.73    9.56
-261063.590   157.634     6.81   10.63
-260774.301   159.628     6.89   10.54
-260485.016   162.221     8.96    9.63
-260195.734   162.781     1.93    9.26
-259906.456   163.381     2.08    7.88
-259617.182   162.730    -2.25    7.35
-259327.912   161.259    -5.08    7.33
-259038.645   158.965    -7.93    7.04
-258749.382   158.201    -2.64    7.64
-258460.123   156.425    -6.14    8.29
-258170.868   153.125   -11.41    9.30
-257881.616   149.651   -12.01   10.35
-257592.368   146.142   -12.13   10.39
-257303.124   142.548   -12.43    9.66
-257013.884   140.142    -8.32    8.09
-256724.647   138.073    -7.15    6.99
-256435.414   135.605    -8.53    7.35
-256146.185   133.648    -6.77    8.32
-255856.959   131.395    -7.79    8.74
-255567.738   128.573    -9.76    8.50
-255278.520   125.435   -10.85    7.62
-254989.305   122.509   -10.12    6.41
-254700.095   120.381    -7.36    4.90
-254410.888   119.698    -2.36    4.28
-254121.685   120.142     1.54    4.75
-253832.485   122.548     8.32    7.21
-253543.290   126.263    12.85   10.51
-253254.098   130.248    13.78   12.06
-252964.909   135.897    19.53   13.85
-252675.725   140.493    15.89   13.92
-252386.544   146.115    19.44   13.52
-252097.367   149.698    12.39   11.20
-251808.193   153.086    11.72    9.18
-251519.024   156.625    12.24    7.79
-251229.858   156.585    -0.14    7.70
-250940.695   156.431    -0.53    7.47
-250651.537   156.177    -0.88    7.80
-250362.382   156.509     1.15    8.15
-250073.231   159.832    11.49   10.09
-249784.083   163.515    12.74   12.59
-249494.939   168.577    17.51   15.04
-249205.799   174.374    20.05   14.69
-248916.663   179.125    16.43   13.08
-248627.530   184.935    20.10   10.70
-248338.401   189.060    14.27    9.16
-248049.276   190.248     4.11    8.78
-247760.154   189.257    -3.43    9.53
-247471.036   186.711    -8.81   10.60
-247181.922   182.884   -13.24   12.99
-246892.812   178.865   -13.90   13.19
-246603.705   174.882   -13.78    9.92
-246314.602   173.044    -6.36    8.28
-246025.502   172.418    -2.17    7.86
-245736.406   173.459     3.60    7.39
-245447.314   174.618     4.01    6.18
-245158.226   174.215    -1.40    5.92
-244869.141   172.444    -6.13    6.54
-244580.060   170.565    -6.50    7.15
-244290.982   168.998    -5.42    7.10
-244001.909   168.025    -3.37    6.57
-243712.839   167.848    -0.61    7.01
-243423.772   168.401     1.91    7.75
-243134.709   169.093     2.40    8.42
-242845.650   171.105     6.96    8.14
-242556.595   172.374     4.39    7.85
-242267.543   172.781     1.41    7.86
-241978.495   173.422     2.22    7.35
-241689.451   173.250    -0.59    9.08
-241400.410   172.965    -0.99    9.62
-241111.373   172.481    -1.67   11.40
-240822.339   172.194    -0.99   11.97
-240533.310   170.940    -4.34   11.30
-240244.284   173.115     7.53   11.04
-239955.261   174.642     5.29   10.46
-239666.242   176.569     6.67   10.28
-239377.227   178.280     5.92    9.80
-239088.216   181.642    11.63   10.22
-238799.208   183.970     8.05   11.68
-238510.204   187.781    13.19   15.06
-238221.203   191.331    12.28   17.07
-237932.206   196.159    16.71   17.40
-237643.213   199.948    13.11   16.14
-237354.223   203.868    13.57   14.55
-237065.237   206.280     8.35   14.06
-236776.255   210.531    14.71   11.30
-236487.276   213.248     9.40    8.51
-236198.301   215.637     8.27    7.15
-235909.330   217.386     6.05    6.16
-235620.362   217.948     1.94    6.07
-235331.398   218.280     1.15    6.65
-235042.437   218.379     0.34    7.10
-234753.480   217.700    -2.35    8.27
-234464.527   217.052    -2.24    8.97
-234175.577   213.476   -12.38   10.37
-233886.631   211.674    -6.23   11.81
-233597.689   209.248    -8.40   12.41
-233308.750   205.967   -11.36   12.64
-233019.815   203.402    -8.88   12.85
-232730.883   200.255   -10.89   12.83
-232441.956   196.815   -11.91   11.88
-232153.031   194.781    -7.04   12.18
-231864.111   194.625    -0.54   10.85
-231575.194   193.864    -2.63   11.19
-231286.280   194.849     3.41   11.13
-230997.370   195.884     3.58   10.25
-230708.464   196.039     0.54    9.41
-230419.562   195.779    -0.90    8.39
-230130.663   194.282    -5.18    9.44
-229841.767   194.665     1.32    8.95
-229552.875   194.137    -1.83    7.93
-229263.987   192.728    -4.88    7.18
-228975.103   192.780     0.18    6.56
-228686.222   193.832     3.64    6.24
-228397.344   195.065     4.27    5.96
-228108.075   196.531     5.07    6.71
-227818.427   198.366     6.34    5.88
-227528.783   200.137     6.11    5.83
-227239.143   202.323     7.55    6.46
-226949.506   204.131     6.24    5.59
-226659.873   205.519     4.79    5.60
-226370.244   207.246     5.96    5.40
-226080.618   207.848     2.08    6.69
-225790.995   208.215     1.26    6.73
-225501.377   208.848     2.19    5.90
-225211.761   208.255    -2.05    5.77
-224922.150   207.421    -2.88    6.41
-224632.542   205.665    -6.07    6.79
-224342.938   203.709    -6.75    6.57
-224053.337   200.781   -10.11    6.79
-223763.740   197.401   -11.67    7.03
-223474.146   195.569    -6.33    6.05
-223184.556   193.933    -5.65    6.11
-222894.970   192.181    -6.05    6.26
-222605.387   190.384    -6.21    6.52
-222315.808   188.815    -5.42    6.48
-222026.233   187.927    -3.06    6.39
-221736.661   186.365    -5.40    6.14
-221447.093   185.605    -2.62    6.64
-221157.528   184.692    -3.15    6.93
-220867.967   184.384    -1.06    7.41
-220578.409   183.265    -3.86    6.92
-220288.855   182.238    -3.54    6.19
-219999.305   181.733    -1.75    5.72
-219709.758   180.521    -4.18    5.68
-219420.215   180.204    -1.10    6.12
-219130.675   180.130    -0.26    6.29
-218841.139   180.231     0.35    6.80
-218551.606   179.716    -1.78    6.33
-218262.077   178.625    -3.77    5.19
-217972.552   178.548    -0.27    4.41
-217683.030   179.981     4.95    4.89
-217393.512   180.698     2.48    4.99
-217103.997   182.493     6.20    5.59
-216814.486   184.298     6.24    5.61
-216524.979   186.315     6.97    5.53
-216235.475   188.349     7.03    5.01
-215945.974   190.265     6.62    5.40
-215656.478   191.659     4.82    5.52
-215366.984   193.181     5.26    5.58
-215077.495   194.748     5.41    6.86
-214788.008   197.645    10.01    9.21
-214498.526   201.004    11.60   10.49
-214209.047   206.253    18.13   12.89
-213919.571   210.363    14.20   12.11
-213630.099   215.548    17.91   10.43
-213340.631   219.202    12.62    9.76
-213051.166   221.194     6.88    9.58
-212761.705   220.970    -0.77    9.14
-212472.247   221.265     1.02    9.25
-212182.793   221.452     0.65    8.84
-211893.342   221.913     1.59    9.50
-211603.895   223.297     4.78   13.33
-211314.452   228.798    19.00   18.41
-211025.012   232.677    13.40   20.75
-210735.575   229.165   -12.13   21.91
-210446.142   224.815   -15.03   24.01
-210156.713   220.073   -16.38   26.68
-209867.287   212.631   -25.71   25.68
-209577.865   205.698   -23.96   21.87
-209288.446   196.882   -30.46   10.81
-208999.031   191.611   -18.21    7.90
-208709.619   188.781    -9.78    7.07
-208420.211   187.601    -4.07    6.31
-208130.806   187.657     0.19    6.07
-207841.405   188.581     3.19    6.88
-207552.007   190.746     7.48    7.48
-207262.613   192.192     5.00    7.35
-206973.223   193.831     5.67    8.00
-206683.836   195.015     4.09    8.11
-206394.452   194.832    -0.63    8.78
-206105.072   193.464    -4.73    9.52
-205815.696   192.065    -4.84    9.54
-205526.323   190.081    -6.85    9.22
-205236.953   188.669    -4.88    8.12
-204947.587   187.727    -3.26    6.43
-204658.225   187.521    -0.71    5.84
-204368.866   187.120    -1.39    5.52
-204079.511   186.642    -1.65    5.43
-203790.159   185.552    -3.77    5.80
-203500.810   184.435    -3.86    6.43
-203211.465   182.086    -8.12    7.42
-202922.124   180.625    -5.05    7.77
-202632.786   179.348    -4.41    7.67
-202343.452   178.208    -3.94    7.15
-202054.121   176.418    -6.19    6.23
-201764.793   175.098    -4.56    6.75
-201475.469   173.970    -3.90    7.01
-201186.149   172.103    -6.45    5.94
-200896.832   170.165    -6.70    4.73
-200607.519   169.272    -3.08    3.78
-200318.209   169.508     0.82    3.86
-200028.902   170.569     3.67    4.68
-199739.599   172.281     5.92    5.26
-199450.300   173.779     5.18    6.02
-199161.004   175.202     4.92    6.29
-198871.711   177.498     7.94    5.94
-198582.422   179.306     6.25    5.49
-198293.137   180.849     5.33    5.28
-198003.855   181.332     1.67    4.79
-197714.576   180.899    -1.50    4.95
-197425.301   179.899    -3.46    4.89
-197136.030   179.492    -1.41    4.37
-196846.761   178.865    -2.17    4.16
-196557.497   178.694    -0.59    3.96
-196268.236   178.728     0.12    3.91
-195978.978   179.452     2.50    3.94
-195689.724   181.569     7.32    5.36
-195400.473   184.401     9.79    7.03
-195111.225   187.901    12.10    7.96
-194821.982   191.918    13.89   10.57
-194532.741   196.815    16.93   11.63
-194243.504   202.331    19.07   12.10
-193954.271   209.815    25.88   15.15
-193665.041   219.611    33.87   19.23
-193375.814   225.487    20.32   19.14
-193086.591   230.073    15.86   17.48
-192797.372   233.618    12.26   16.32
-192508.155   237.765    14.34   16.95
-192218.943   244.153    22.09   25.63
-191929.733   243.744    -1.41   28.76
-191640.528   243.265    -1.66   30.05
-191351.325   241.902    -4.71   30.25
-191062.126   237.765   -14.31   29.13
-190772.931   233.476   -14.83   23.71
-190483.739   227.899   -19.28   16.40
-190194.550   226.340    -5.39   17.23
-189905.365   225.659    -2.35   18.22
-189616.183   223.381    -7.88   19.66
-189327.005   218.487   -16.93   18.81
-189037.830   212.995   -18.99   16.85
-188748.659   208.165   -16.70   12.82
-188459.491   204.366   -13.14   12.39
-188170.326   201.238   -10.82    9.37
-187881.165   199.125    -7.31    7.54
-187592.008   198.503    -2.15    7.63
-187302.854   197.073    -4.95    8.55
-187013.703   196.391    -2.36    9.18
-186724.555   197.073     2.36   15.06
-186435.411   197.556     1.67   17.66
-186146.271   195.911    -5.69   19.80
-185857.134   192.498   -11.81   19.69
-185568.000   190.159    -8.09   18.08
-185278.870   188.376    -6.17   15.42
-184989.743   185.263   -10.77    9.41
-184700.620   183.306    -6.77    8.54
-184411.500   181.581    -5.97    8.17
-184122.383   180.281    -4.50    7.56
-183833.270   180.004    -0.96    7.31
-183544.160   177.948    -7.11    6.91
-183255.054   177.411    -1.86    7.01
-182965.951   176.848    -1.95    6.91
-182676.852   176.356    -1.70    6.50
-182387.755   176.577     0.77    6.94
-182098.663   176.331    -0.85    7.41
-181809.573   175.865    -1.61    7.01
-181520.488   174.798    -3.69    7.12
-181231.405   172.401    -8.29    6.75
-180942.326   170.356    -7.08    6.64
-180653.250   168.048    -7.98    7.07
-180364.178   167.280    -2.66    7.55
-180075.109   165.509    -6.13    6.93
-179786.044   164.125    -4.79    6.54
-179496.982   162.598    -5.28    6.84
-179207.923   160.137    -8.52    7.99
-178918.868   157.548    -8.96    8.09
-178629.816   155.573    -6.83    7.19
-178340.767   153.323    -7.78    5.86
-178051.722   152.165    -4.01    5.16
-177762.680   151.581    -2.02    4.29
-177473.642   152.421     2.91    5.46
-177184.607   154.556     7.39    6.93
-176895.575   156.970     8.35    7.27
-176606.547   158.452     5.13    6.77
-176317.522   159.642     4.12    5.52
-176028.501   159.519    -0.42    5.25
-175739.483   158.349    -4.05    6.04
-175450.468   156.357    -6.89    5.53
-175161.457   155.672    -2.37    5.17
-174872.449   154.731    -3.25    4.42
-174583.444   154.750     0.07    4.15
-174294.443   155.272     1.81    4.51
-174005.445   156.581     4.53    5.07
-173716.450   157.815     4.27    5.50
-173427.459   160.374     8.86    5.88
-173138.472   162.881     8.68    6.31
-172849.487   165.372     8.62    6.33
-172560.506   166.702     4.60    6.30
-172271.529   167.884     4.09    5.87
-171982.554   169.065     4.09    5.72
-171693.583   170.172     3.83    5.34
-171404.616   171.282     3.84    5.49
-171115.651   171.615     1.15    5.54
-170826.691   172.765     3.98    6.62
-170537.733   173.521     2.62    7.10
-170248.779   173.600     0.27    7.00
-169959.828   174.215     2.13    7.14
-169670.881   174.711     1.72    6.40
-169381.936   176.519     6.26    6.43
-169092.996   177.398     3.04    6.84
-168804.058   178.625     4.25    6.53
-168515.124   179.970     4.65    6.55
-168226.193   181.177     4.18    5.75
-167937.266   182.060     3.06    5.41
-167648.342   183.366     4.52    6.62
-167359.421   187.748    15.17   11.67
-167070.504   192.090    15.03   14.77
-166781.590   197.987    20.41   17.50
-166492.679   203.274    18.30   16.85
-166203.772   207.831    15.78   14.75
-165914.675   212.331    15.57   12.27
-165625.051   213.707     4.75   11.52
-165335.429   210.470   -11.18    9.59
-165045.811   208.086    -8.23    7.70
-164756.196   207.615    -1.63    6.42
-164466.584   209.683     7.14    9.07
-164176.976   214.918    18.08   17.24
-163887.371   231.231    56.33   41.49
-163597.770   236.539    18.33   43.31
-163308.172   237.995     5.03   46.28
-163018.577   235.748    -7.76   47.33
-162728.985   231.248   -15.54   41.82
-162439.397   232.381     3.91   41.98
-162149.812   244.056    40.32   59.82
-161860.231   255.098    38.13   73.69
-161570.653   273.677    64.16   79.07
-161281.078   279.339    19.56   77.82
-160991.506   281.077     6.00   77.65
-160701.938   278.611    -8.52   81.79
-160412.373   262.608   -55.27   87.21
-160122.812   228.142  -119.03   66.49
-159833.254   202.765   -87.64   37.14
-159543.699   191.899   -37.53   25.99
-159254.147   183.215   -29.99   18.91
-158964.599   177.970   -18.11   12.74
-158675.054   176.746    -4.23    9.62
-158385.512   176.782     0.12    9.58
-158095.974   177.215     1.49    9.90
-157806.439   177.175    -0.14   10.01
-157516.907   176.429    -2.58   10.46
-157227.379   173.211   -11.11   11.58
-156937.854   169.598   -12.48   11.57
-156648.332   165.679   -13.54   10.17
-156358.814   163.165    -8.69   10.00
-156069.298   161.711    -5.02   10.02
-155779.787   158.498   -11.10    9.61
-155490.278   155.972    -8.72    8.92
-155200.773   153.098    -9.93    8.54
-154911.271   150.798    -7.94    9.17
-154621.772   148.238    -8.84    9.76
-154332.277   146.148    -7.22    9.67
-154042.785   144.615    -5.30    9.20
-153753.296   144.713     0.34   10.40
-153463.811   143.728    -3.40   11.25
-153174.328   143.585    -0.50   13.48
-152884.850   143.148    -1.51   13.17
-152595.374   143.867     2.48   12.86
-152305.902   142.713    -3.99   11.57
-152016.433   141.556    -4.00   10.97
-151726.967   141.731     0.61   11.42
-151437.504   141.967     0.81   11.46
-151148.045   140.950    -3.51   11.52
-150858.589   138.987    -6.78   11.05
-150569.137   138.797    -0.66   10.83
-150279.687   140.487     5.84   12.34
-149990.241   141.565     3.72   11.92
-149700.799   143.411     6.38   13.19
-149411.359   147.306    13.46   14.49
-149121.923   154.211    23.86   16.19
-148832.490   161.865    26.45   18.59
-148543.060   170.056    28.30   20.63
-148253.634   177.700    26.41   28.58
-147964.211   179.263     5.40   28.31
-147674.791   178.052    -4.18   29.19
-147385.374   171.622   -22.22   21.40
-147095.961   165.131   -22.43   17.67
-146806.551   158.164   -24.08   15.41
-146517.144   152.194   -20.63   12.50
-146227.740   146.381   -20.09   14.01
-145938.340   142.866   -12.15   14.35
-145648.943   138.696   -14.41   13.16
-145359.549   135.560   -10.84   11.78
-145070.158   137.103     5.33   18.29
-144780.771   146.667    33.05   35.97
-144491.387   172.411    88.96   73.90
-144202.006   215.215   147.92  113.36
-143912.629   275.797   209.36  131.45
-143623.254   307.782   110.54  124.70
-143333.883   347.498   137.25  106.81
-143044.515   368.731    73.38   96.64
-142755.151   363.504   -18.06   99.91
-142465.789   330.694  -113.39  109.34
-142176.431   291.747  -134.60  100.82
-141887.076   249.120  -147.32   86.01
-141597.725   217.831  -108.14   71.90
-141308.376   189.628   -97.47   45.17
-141019.031   175.297   -49.53   26.14
-140729.689   176.263     3.34   35.41
-140440.351   190.625    49.64   68.50
-140151.015   211.585    72.44   84.08
-139861.683   234.797    80.23   87.29
-139572.354   271.625   127.29   93.36
-139283.028   306.590   120.86  105.07
-138993.706   350.154   150.57  109.56
-138704.386   374.405    83.82   98.75
-138415.070   391.815    60.18   94.68
-138125.757   406.815    51.85   89.44
-137836.448   399.987   -23.60   90.23
-137547.141   377.297   -78.43   98.22
-137257.838   325.405  -179.38  102.42
-136968.538   276.081  -170.50   87.21
-136679.241   239.831  -125.31   73.24
-136389.948   209.475  -104.93   57.85
-136100.657   186.198   -80.47   37.18
-135811.370   173.130   -45.17   27.05
-135522.086   163.734   -32.48   20.71
-135232.805   158.577   -17.83   17.86
-134943.528   152.531   -20.90   16.87
-134654.253   146.272   -21.64   15.61
-134364.982   142.376   -13.47   15.57
-134075.714   139.965    -8.34   14.32
-133786.450   137.306    -9.19   11.28
-133497.188   138.573     4.38   12.06
-133207.930   139.238     2.30   13.32
-132918.675   141.315     7.18   14.07
-132629.423   145.560    14.68   16.91
-132340.174   147.952     8.27   16.15
-132050.929   153.356    18.68   17.16
-131761.686   158.763    18.70   18.05
-131472.447   164.435    19.61   19.26
-131183.211   169.487    17.47   19.56
-130893.978   175.832    21.94   18.52
-130604.749   183.454    26.35   19.84
-130315.522   193.465    34.61   24.38
-130026.299   207.048    46.97   32.59
-129737.079   218.218    38.62   41.16
-129447.862   235.556    59.95   53.73
-129158.649   259.381    82.38   62.33
-128869.438   281.848    77.69   66.67
-128580.231   299.665    61.60   62.27
-128291.027   304.142    15.48   59.97
-128001.826   299.967   -14.44   59.35
-127712.628   288.832   -38.51   63.96
-127423.433   273.881   -51.70   59.04
-127134.242   264.536   -32.32   54.89
-126845.053   254.090   -36.12   46.61
-126555.868   240.696   -46.32   37.85
-126266.686   238.211    -8.59   36.42
-125977.508   234.331   -13.42   35.02
-125688.332   237.115     9.63   34.55
-125399.160   236.248    -3.00   35.14
-125109.990   230.798   -18.85   28.72
-124820.824   231.849     3.64   28.48
-124531.661   237.198    18.50   27.55
-124242.501   239.418     7.68   26.15
-123953.345   240.536     3.87   25.05
-123664.191   237.198   -11.54   24.54
-123375.041   230.815   -22.08   22.99
-123085.894   224.832   -20.69   21.47
-122796.750   219.288   -19.17   18.96
-122507.609   216.306   -10.31   19.33
-122218.471   213.048   -11.27   19.68
-121929.336   211.880    -4.04   24.69
-121640.205   206.577   -18.34   21.63
-121351.077   204.711    -6.45   22.74
-121061.951   201.231   -12.04   19.19
-120772.829   197.177   -14.02   12.64
-120483.711   196.126    -3.63   12.43
-120194.595   195.125    -3.46   12.16
-119905.482   195.435     1.07   18.14
-119616.373   194.590    -2.92   21.41
-119327.266   191.515   -10.64   19.45
-119038.163   190.126    -4.80   20.88
-118749.063   187.246    -9.96   21.28
-118459.966   184.048   -11.06   20.17
-118170.872   180.100   -13.66   17.03
-117881.782   176.918   -11.01   15.54
-117592.694   172.274   -16.07   15.30
-117303.610   169.408    -9.91   13.96
-117014.528   164.405   -17.31   11.65
-116725.450   161.315   -10.69   11.72
-116436.375   158.531    -9.63    9.07
-116147.303   157.306    -4.24    9.14
-115858.234   159.331     7.01   11.87
-115569.169   160.060     2.52   12.29
-115280.106   159.998    -0.22   12.05
-114991.047   159.120    -3.04   11.81
-114701.990   159.779     2.28   12.41
-114412.937   161.848     7.16   14.14
-114123.887   166.442    15.89   17.99
-113834.840   169.224     9.63   18.27
-113545.796   171.781     8.85   17.56
-113256.755   176.172    15.19   16.52
-112967.717   180.425    14.71   15.59
-112678.683   185.384    17.16   15.46
-112389.651   190.782    18.68   22.50
-112100.623   201.832    38.23   37.61
-111811.598   219.521    61.21   55.18
-111522.575   240.401    72.24   70.06
-111233.556   272.625   111.50   81.18
-110944.540   308.698   124.82   90.28
-110655.527   351.263   147.28   88.47
-110366.518   388.815   129.94   78.15
-110077.511   420.797   110.67   60.98
-109788.507   434.832    48.56   49.05
-109499.507   433.665    -4.04   48.71
-109210.509   418.967   -50.86   61.07
-108921.515   393.065   -89.63   73.42
-108632.524   365.920   -93.93   72.94
-108343.535   339.935   -89.92   68.40
-108054.550   325.452   -50.12   65.01
-107765.568   311.831   -47.14   54.58
-107476.589   306.864   -17.19   44.95
-107187.614   308.021     4.01   42.69
-106898.641   310.098     7.19   43.68
-106609.671   317.815    26.70   43.79
-106320.704   318.348     1.85   44.46
-106031.741   320.981     9.11   46.18
-105742.780   323.031     7.09   48.68
-105453.823   336.995    48.33   53.83
-105164.869   356.970    69.13   53.93
-104875.917   369.315    42.72   55.20
-104586.969   388.384    66.00   51.84
-104298.024   404.782    56.75   53.60
-104009.082   426.565    75.39   54.89
-103720.126   445.594    65.86   55.49
-103430.530   462.194    57.32   59.12
-103140.936   477.011    51.17   60.69
-102851.345   488.519    39.74   62.37
-102561.758   498.265    33.65   66.62
-102272.173   512.306    48.49   70.12
-101982.592   528.952    57.48   68.83
-101693.014   535.435    22.39   63.95
-101403.438   542.915    25.83   59.70
-101113.866   539.608   -11.42   57.93
-100824.297   530.962   -29.86   61.94
-100534.731   512.987   -62.08   64.71
-100245.168   496.401   -57.28   59.39
 -99955.608   489.108   -25.19   61.15
 -99666.051   486.221    -9.97   67.05
 -99376.497   491.028    16.60   70.38
 -99086.947   496.039    17.31   68.67
 -98797.399   506.476    36.05   65.72
 -98507.854   514.547    27.88   58.53
 -98218.313   512.681    -6.44   51.12
 -97928.774   516.169    12.05   37.72
 -97639.239   509.415   -23.33   42.81
 -97349.706   493.415   -55.26   58.06
 -97060.177   476.279   -59.19   75.55
 -96770.651   444.187  -110.84   91.04
 -96481.127   400.280  -151.66  107.04
 -96191.607   371.605   -99.05  111.26
 -95902.090   327.585  -152.05  112.84
 -95612.576   284.746  -147.97  102.27
 -95323.065   245.098  -136.95   81.05
 -95033.556   206.136  -134.58   57.83
 -94744.051   185.750   -70.42   36.12
 -94454.549   169.165   -57.29   22.70
 -94165.050   162.631   -22.57   22.34
 -93875.555   157.384   -18.13   23.50
 -93586.062   150.148   -24.99   18.17
 -93296.572   145.181   -17.16   17.25
 -93007.085   140.728   -15.38   12.71
 -92717.601   137.700   -10.46   10.98
 -92428.120   136.115    -5.48    9.84
 -92138.643   135.297    -2.82   12.79
 -91849.168   134.832    -1.61   14.69
 -91559.696   133.401    -4.94   16.62
 -91270.227   133.503     0.35   17.66
 -90980.762   131.918    -5.48   16.48
 -90691.299   131.187    -2.52   19.26
 -90401.839   131.659     1.63   20.81
 -90112.383   137.916    21.62   34.93
 -89822.929   154.621    57.71   53.38
 -89533.479   182.018    94.65   82.12
 -89244.031   217.662   123.15  102.43
 -88954.586   251.902   118.30  111.45
 -88665.145   291.090   135.39  102.88
 -88375.706   315.581    84.62   88.32
 -88086.271   330.431    51.31   79.96
 -87796.838   322.879   -26.09   79.50
 -87507.409   305.604   -59.69   83.27
 -87217.982   275.431  -104.25   73.79
 -86928.559   258.850   -57.29   65.68
 -86639.138   237.040   -75.36   66.16
 -86349.721   220.204   -58.17   64.20
 -86060.306   205.255   -51.65   63.81
 -85770.894   188.391   -58.27   53.98
 -85481.486   179.452   -30.89   47.46
 -85192.080   165.881   -46.89   31.12
 -84902.678   156.645   -31.92   23.78
 -84613.278   150.815   -20.15   21.16
 -84323.882   144.865   -20.56   18.79
 -84034.488   138.440   -22.20   16.75
 -83745.098   137.069    -4.74   16.00
 -83455.710   134.711    -8.15   17.00
 -83166.325   130.503   -14.54   14.49
 -82876.944   129.349    -3.99   13.97
 -82587.565   131.194     6.38   15.95
 -82298.189   131.246     0.18   15.29
 -82008.817   129.622    -5.61   14.05
 -81719.447   128.126    -5.17   13.88
 -81430.080   127.098    -3.55   13.31
 -81140.716   123.749   -11.57   11.85
 -80851.356   121.043    -9.35   11.43
 -80561.998   117.521   -12.17   11.47
 -80272.643   114.781    -9.47   11.88
 -79983.291   114.933     0.53   13.20
 -79693.942   118.881    13.64   22.18
 -79404.596   130.970    41.78   44.43
 -79115.253   151.504    70.97   64.58
 -78825.913   172.211    71.57   70.11
 -78536.576   195.552    80.67   67.68
 -78247.242   218.093    77.91   56.49
 -77957.911   231.384    45.94   43.21
 -77668.583   229.611    -6.13   33.88
 -77379.258   218.625   -37.97   31.00
 -77089.935   209.998   -29.82   29.59
 -76800.616   201.315   -30.01   33.93
 -76511.300   190.198   -38.42   34.98
 -76221.986   177.946   -42.35   31.35
 -75932.676   168.384   -33.05   28.25
 -75643.368   164.531   -13.32   26.08
 -75354.064   157.297   -25.00   20.42
 -75064.762   151.618   -19.63   17.61
 -74775.464   148.331   -11.36   16.14
 -74486.168   144.798   -12.21   17.11
 -74196.875   141.987    -9.72   17.36
 -73907.585   138.993   -10.35   15.32
 -73618.298   133.265   -19.80   11.10
 -73329.015   130.031   -11.18    9.09
 -73039.734   129.897    -0.47   10.87
 -72750.455   131.315     4.90   15.63
 -72461.180   139.349    27.77   25.71
 -72171.908   144.865    19.07   30.24
 -71882.639   145.659     2.75   30.57
 -71593.373   147.274     5.58   29.56
 -71304.109   151.159    13.43   30.25
 -71014.849   156.280    17.70   35.26
 -70725.591   154.004    -7.87   34.65
 -70436.337   145.526   -29.31   34.51
 -70147.085   138.159   -25.47   35.25
 -69857.836   131.366   -23.48   36.55
 -69568.590   121.289   -34.84   33.02
 -69279.347   113.440   -27.14   21.78
 -68990.107   111.170    -7.85   20.21
 -68700.870   115.585    15.26   24.50
 -68411.636   124.408    30.50   30.70
 -68122.405   138.782    49.70   39.28
 -67833.177   150.547    40.68   43.03
 -67543.951   170.204    67.97   53.59
 -67254.729   189.120    65.40   58.14
 -66965.509   197.421    28.70   57.17
 -66676.292   200.057     9.11   58.33
 -66387.079   192.933   -24.63   60.81
 -66097.868   179.098   -47.84   70.82
 -65808.660   159.440   -67.97   79.03
 -65519.455   135.585   -82.48   75.17
 -65230.252   111.981   -81.62   58.23
 -64941.053    88.618   -80.79   30.07
 -64651.857    75.539   -45.23   13.36
 -64362.663    71.422   -14.24   11.03
 -64073.473    68.615    -9.71   10.08
 -63784.285    66.263    -8.13    9.81
 -63495.100    64.552    -5.92    8.80
 -63205.919    62.798    -6.07    7.50
 -62916.740    61.280    -5.25    7.26
 -62627.563    61.142    -0.48    6.85
 -62338.390    64.694    12.28    9.74
 -62049.220    67.306     9.03    9.15
 -61760.052    67.797     1.70    9.29
 -61470.888    67.131    -2.30    9.31
 -61181.726    66.159    -3.36   10.20
 -60892.568    65.577    -2.01   10.23
 -60603.412    63.798    -6.15    9.91
 -60314.259    63.648    -0.52   11.11
 -60025.108    65.995     8.12   14.76
 -59735.961    67.429     4.96   15.57
 -59446.817    67.797     1.28   16.23
 -59157.675    68.679     3.05   15.84
 -58868.537    69.731     3.64   15.19
 -58579.401    70.548     2.82   15.47
 -58290.268    69.642    -3.13   15.23
 -58001.138    64.248   -18.66   14.15
 -57712.011    60.885   -11.63   13.64
 -57422.887    60.131    -2.61   12.75
 -57133.765    61.847     5.94   14.03
 -56844.647    62.662     2.82   13.18
 -56555.531    61.965    -2.41   12.67
 -56266.418    60.948    -3.52   12.94
 -55977.308    59.916    -3.57   12.11
 -55688.201    56.987   -10.13   11.84
 -55399.097    54.339    -9.16   10.82
 -55109.995    52.981    -4.70   10.74
 -54820.897    53.709     2.52   10.40
 -54531.801    53.408    -1.04    9.59
 -54242.708    51.487    -6.64    8.72
 -53953.618    47.265   -14.61   10.75
 -53664.531    42.298   -17.18   13.42
 -53375.447    37.865   -15.34   16.53
 -53086.365    34.677   -11.03   15.24
 -52797.287    31.970    -9.36   12.44
 -52508.211    31.731    -0.83   11.56
 -52219.138    32.481     2.59   10.59
 -51930.068    33.718     4.28    9.90
 -51641.001    38.401    16.20    9.10
 -51351.936    43.142    16.40   10.47
 -51062.875    46.280    10.86   11.76
 -50773.816    50.935    16.10   14.79
 -50484.760    54.634    12.80   16.20
 -50195.707    57.780    10.88   17.37
 -49906.657    59.952     7.52   16.65
 -49617.610    62.521     8.89   17.42
 -49328.565    68.272    19.90   21.23
 -49039.523    72.750    15.49   21.95
 -48750.485    77.493    16.41   21.86
 -48461.449    82.391    16.95   19.60
 -48172.415    86.815    15.31   18.11
 -47883.385    89.056     7.75   17.72
 -47594.357    90.315     4.35   18.39
 -47305.333    88.598    -5.94   17.05
 -47016.311    86.944    -5.72   16.62
 -46727.291    88.332     4.81   17.40
 -46438.275    90.065     5.99   16.14
 -46149.262    88.622    -4.99   15.09
 -45860.251    86.202    -8.37   14.07
 -45571.243    81.509   -16.24   13.43
 -45282.238    77.120   -15.19   14.66
 -44993.236    72.933   -14.49   16.63
 -44704.236    68.884   -14.01   15.54
 -44415.240    67.381    -5.20   15.25
 -44126.246    64.832    -8.82   15.22
 -43837.255    63.944    -3.07   14.18
 -43548.267    66.365     8.38   16.38
 -43259.281    70.464    14.18   17.31
 -42970.299    73.374    10.07   18.38
 -42681.319    76.194     9.76   17.09
 -42392.342    75.618    -1.99   16.53
 -42103.368    78.272     9.19   16.95
 -41814.396    79.898     5.63   16.94
 -41525.428    80.780     3.05   17.59
 -41235.986    80.692    -0.31   17.33
 -40946.417    81.880     4.10   17.35
 -40656.850    83.581     5.87   17.32
 -40367.286    85.356     6.13   17.98
 -40077.725    85.677     1.11   17.20
 -39788.167    85.246    -1.49   15.21
 -39498.611    86.998     6.05   15.71
 -39209.059    88.645     5.69   15.35
 -38919.509    87.192    -5.02   14.54
 -38629.962    84.952    -7.73   13.10
 -38340.417    84.625    -1.13   13.05
 -38050.876    86.815     7.56   13.95
 -37761.337    88.881     7.14   13.74
 -37471.801    89.679     2.76   13.08
 -37182.268    89.625    -0.19   13.36
 -36892.737    91.531     6.58   13.78
 -36603.210    91.499    -0.11   13.88
 -36313.685    89.086    -8.33   15.11
 -36024.163    83.831   -18.15   15.49
 -35734.644    80.748   -10.65   15.24
 -35445.127    78.798    -6.74   15.40
 -35155.614    79.867     3.69   16.36
 -34866.103    81.348     5.11   16.93
 -34576.595    85.332    13.76   15.56
 -34287.089    87.831     8.63   14.17
 -33997.587    87.186    -2.23   14.81
 -33708.087    83.797   -11.70   15.83
 -33418.590    78.418   -18.58   16.66
 -33129.096    73.136   -18.25   15.36
 -32839.604    71.372    -6.09   15.53
 -32550.115    72.018     2.23   14.72
 -32260.629    73.248     4.25   16.53
 -31971.146    77.849    15.89   18.44
 -31681.666    84.850    24.18   19.22
 -31392.188    91.015    21.30   20.51
 -31102.713    94.332    11.46   19.34
 -30813.241    97.898    12.32   25.55
 -30523.772    97.452    -1.54   26.22
 -30234.305    93.970   -12.03   23.04
 -29944.841    88.694   -18.23   16.12
 -29655.380    85.470   -11.14   14.69
 -29365.922    83.487    -6.85   16.95
 -29076.466    79.746   -12.92   19.20
 -28787.013    77.526    -7.67   20.65
 -28497.563    76.692    -2.88   21.64
 -28208.116    74.154    -8.77   19.38
 -27918.671    72.153    -6.91   16.81
 -27629.229    68.425   -12.88   17.61
 -27339.790    65.357   -10.60   18.69
 -27050.354    61.159   -14.50   18.27
 -26760.920    54.763   -22.10   14.49
 -26471.489    49.231   -19.11   10.17
 -26182.061    46.731    -8.64    8.14
 -25892.635    44.153    -8.91    5.65
 -25603.213    43.743    -1.42    6.26
 -25313.793    45.065     4.57    8.11
 -25024.375    46.279     4.20    9.32
 -24734.961    46.686     1.41   10.96
 -24445.549    47.348     2.29   11.31
 -24156.140    47.281    -0.23   11.64
 -23866.734    48.747     5.06   11.61
 -23577.330    48.411    -1.16   11.15
 -23287.929    47.348    -3.67   10.54
 -22998.531    46.967    -1.32    9.56
 -22709.136    46.508    -1.59   10.01
 -22419.743    44.391    -7.32    9.66
 -22130.353    42.154    -7.73    8.51
 -21840.966    40.170    -6.85    6.92
 -21551.581    39.246    -3.20    6.79
 -21262.199    37.831    -4.89    7.20
 -20972.820    36.642    -4.11    6.97
 -20683.444    37.108     1.61    8.95
 -20394.070    38.970     6.43   10.68
 -20104.699    42.211    11.20   13.30
 -19815.331    47.065    16.77   15.69
 -19525.965    52.418    18.50   15.81
 -19236.602    56.381    13.70   13.42
 -18947.242    57.993     5.57   12.18
 -18657.885    58.211     0.75   11.51
 -18368.530    55.881    -8.05   12.83
 -18079.178    52.781   -10.72   13.40
 -17789.828    50.965    -6.28   12.98
 -17500.482    51.065     0.35   14.15
 -17211.138    49.832    -4.26   15.95
 -16921.796    50.358     1.82   16.69
 -16632.458    51.357     3.45   18.21
 -16343.122    51.306    -0.17   19.79
 -16053.789    47.228   -14.09   20.36
 -15764.458    46.515    -2.47   20.43
 -15475.131    45.418    -3.79   18.33
 -15185.805    45.044    -1.29   19.32
 -14896.483    42.731    -7.99   18.78
 -14607.163    40.498    -7.72   18.91
 -14317.846    39.898    -2.07   19.52
 -14028.532    40.056     0.55   20.70
 -13739.220    38.115    -6.71   21.54
 -13449.911    37.780    -1.16   21.11
 -13160.605    38.356     1.99   20.66
 -12871.301    38.323    -0.11   19.44
 -12582.000    38.937     2.12   18.20
 -12292.702    38.177    -2.63   16.88
 -12003.406    37.636    -1.87   17.04
 -11714.113    34.148   -12.06   17.87
 -11424.823    30.662   -12.05   18.23
 -11135.535    25.365   -18.31   17.05
 -10846.250    19.246   -21.15   11.93
 -10556.968    17.376    -6.46   10.86
 -10267.688    15.448    -6.67   10.37
  -9978.411    13.831    -5.59   10.57
  -9689.137    13.241    -2.04   10.92
  -9399.865    12.384    -2.96   10.98
  -9110.596    10.659    -5.96    8.88
  -8821.330     9.418    -4.29    6.13
  -8532.066     9.366    -0.18    5.14
  -8242.805     9.782     1.44    5.24
  -7953.547     9.901     0.41    5.70
  -7664.291    10.459     1.93    6.52
  -7375.038     9.885    -1.98    6.51
  -7085.788     8.798    -3.76    6.00
  -6796.540     7.718    -3.73    4.94
  -6507.295     7.120    -2.07    3.69
  -6218.053     6.187    -3.22    2.83
  -5928.813     5.901    -0.99    3.01
  -5639.576     5.142    -2.62    3.36
  -5350.341     5.248     0.37    4.20
  -5061.109     4.848    -1.38    4.46
  -4771.880     3.927    -3.18    4.38
  -4482.654     3.207    -2.49    3.86
  -4193.430     3.381     0.60    3.89
  -3904.208     3.639     0.89    3.88
  -3614.990     3.411    -0.79    3.62
  -3325.774     3.459     0.16    4.07
  -3036.560     3.448    -0.04    4.16
  -2747.349     3.442    -0.02    4.32
  -2458.141     2.797    -2.23    3.80
  -2168.936     2.515    -0.98    3.71
  -1879.733     2.187    -1.13    3.68
  -1590.533     2.540     1.22    4.09
  -1301.335     2.340    -0.69    4.05
  -1012.140     1.922    -1.45    4.05
   -722.947     2.187     0.92    4.57
   -433.758     2.039    -0.51    4.65
   -144.571     2.110     0.25    4.54
    144.614     1.573    -1.86    3.72
    433.796     1.504    -0.24    3.28
    722.975     1.159    -1.19    2.78
   1012.152     0.884    -0.95    2.38
   1301.326     0.665    -0.76    1.92
   1590.497     0.931     0.92    2.89
   1879.666     3.651     9.40    8.84
   2168.833     5.271     5.60   10.75
   2457.996     7.987     9.39   12.29
   2747.157    11.231    11.22   13.37
   3036.316    14.255    10.46   14.67
   3325.471    19.015    16.46   16.06
   3614.625    24.332    18.39   16.79
   3903.775    30.108    19.98   17.34
   4192.923    34.677    15.80   14.03
   4482.069    37.798    10.79   10.45
   4771.212    37.798    -0.00    9.08
   5060.352    35.608    -7.57    9.98
   5349.489    29.698   -20.44   12.55
   5638.624    25.148   -15.74   13.94
   5927.757    20.696   -15.40   12.74
   6216.887    16.631   -14.06   10.29
   6506.014    15.381    -4.32    8.79
   6795.139    15.965     2.02    9.08
   7084.261    17.674     5.91    9.33
   7373.380    19.065     4.81    9.59
   7662.497    19.987     3.19    9.24
   7951.611    21.831     6.38    9.77
   8240.723    21.960     0.45    9.65
   8529.832    22.073     0.39    9.96
   8818.939    24.539     8.53   10.50
   9108.043    27.350     9.73   11.09
   9397.144    30.503    10.91   10.17
   9686.243    32.391     6.53    8.15
   9975.340    31.881    -1.76    8.84
  10264.433    30.952    -3.21    9.24
  10553.524    32.261     4.53    9.67
  10842.613    34.081     6.30   11.04
  11131.699    36.125     7.07   12.73
  11420.782    40.198    14.09   14.92
  11709.863    44.831    16.03   16.40
  11998.942    50.763    20.52   15.25
  12288.017    55.401    16.04   12.79
  12577.090    57.780     8.23   10.28
  12866.161    58.733     3.30    9.82
  13155.229    57.677    -3.65   11.60
  13444.295    54.181   -12.09   13.59
  13733.358    49.970   -14.57   14.19
  14022.418    44.848   -17.72   13.58
  14311.476    41.298   -12.28   11.26
  14600.531    38.965    -8.07    9.69
  14889.584    36.683    -7.89    9.84
  15178.634    35.464    -4.22   10.84
  15467.682    35.504     0.14   11.50
  15756.727    35.984     1.66   11.61
  16045.769    35.931    -0.18   11.47
  16334.809    35.142    -2.73   10.72
  16623.847    34.728    -1.43   10.64
  16912.882    32.881    -6.39   12.88
  17201.914    30.288    -8.97   17.26
  17490.944    30.798     1.76   20.90
  17779.971    32.713     6.63   22.60
  18068.996    36.713    13.84   28.17
  18358.018    39.681    10.27   32.96
  18647.038    37.915    -6.11   29.27
  18936.055    36.481    -4.96   29.52
  19225.069    32.073   -15.25   25.65
  19514.081    29.946    -7.36   24.77
  19803.091    23.531   -22.19   16.75
  20092.098    20.446   -10.67   11.96
  20381.102    19.204    -4.30    9.23
  20670.104    20.280     3.72   10.79
  20959.403    22.315     7.03   12.76
  21248.947    23.648     4.60   12.93
  21538.488    25.882     7.72   14.29
  21828.028    26.952     3.70   15.15
  22117.564    27.534     2.01   15.13
  22407.098    26.421    -3.84   14.32
  22696.630    24.598    -6.30   13.67
  22986.159    25.637     3.59   13.49
  23275.686    26.418     2.70   14.12
  23565.210    26.280    -0.48   14.01
  23854.731    26.764     1.67   14.31
  24144.250    29.194     8.39   14.93
  24433.767    31.847     9.17   14.41
  24723.281    34.263     8.34   15.26
  25012.792    36.366     7.27   17.33
  25302.301    36.659     1.01   16.72
  25591.807    38.081     4.91   17.24
  25881.311    39.048     3.34   16.81
  26170.813    39.677     2.17   16.99
  26460.311    41.565     6.52   16.42
  26749.808    43.511     6.72   15.88
  27039.302    43.970     1.58   15.92
  27328.793    44.298     1.14   15.72
  27618.282    46.431     7.37   15.32
  27907.768    49.405    10.27   15.00
  28197.252    51.350     6.72   15.55
  28486.733    50.357    -3.43   15.16
  28776.212    50.056    -1.04   14.25
  29065.688    51.421     4.72   13.28
  29355.162    51.897     1.64   13.78
  29644.634    52.987     3.77   14.78
  29934.103    52.131    -2.96   15.36
  30223.569    51.422    -2.45   15.07
  30513.033    52.621     4.14   14.77
  30802.494    51.052    -5.42   13.67
  31091.953    48.798    -7.79   12.79
  31381.409    47.832    -3.34   12.81
  31670.863    47.902     0.24   13.88
  31960.315    47.531    -1.28   15.66
  32249.764    44.815    -9.39   15.32
  32539.210    42.077    -9.46   15.87
  32828.654    38.882   -11.04   14.81
  33118.096    35.470   -11.79   13.97
  33407.535    33.349    -7.33   13.24
  33696.971    29.280   -14.06   10.49
  33986.405    27.634    -5.69    8.95
  34275.837    25.211    -8.37    6.16
  34565.266    23.435    -6.14    4.81
  34854.692    22.228    -4.17    4.36
  35144.117    21.867    -1.25    4.51
  35433.538    23.008     3.94    5.01
  35722.958    23.898     3.07    5.02
  36012.374    25.241     4.64    6.14
  36301.789    25.920     2.35    6.01
  36591.200    27.435     5.24    5.97
  36880.610    27.865     1.48    5.66
  37170.017    27.781    -0.29    5.61
  37459.421    29.281     5.18    6.72
  37748.823    31.521     7.74    6.75
  38038.223    32.798     4.41    6.69
  38327.620    33.332     1.85    6.05
  38617.014    34.065     2.53    5.12
  38906.406    33.831    -0.81    5.50
  39195.796    34.090     0.90    5.73
  39485.183    32.967    -3.88    5.70
  39774.568    32.349    -2.14    6.06
  40063.951    32.665     1.09    7.33
  40353.330    32.831     0.58    8.23
  40642.708    32.481    -1.21    8.58
  40932.083    33.548     3.69    9.47
  41221.456    32.470    -3.73    9.16
  41510.826    31.531    -3.24    9.60
  41800.193    28.263   -11.29    9.17
  42089.559    27.028    -4.27    8.44
  42378.921    25.238    -6.18    8.02
  42668.282    23.604    -5.65    7.73
  42957.640    22.332    -4.40    7.20
  43246.995    21.297    -3.58    6.96
  43536.348    19.948    -4.66    7.65
  43825.699    18.272    -5.79    7.94
  44115.047    15.415    -9.88    7.61
  44404.393    12.815    -8.99    7.46
  44693.736    10.868    -6.73    6.31
  44983.077     9.081    -6.18    4.83
  45272.416     8.263    -2.83    4.86
  45561.752     8.748     1.68    6.75
  45851.085    10.418     5.77    9.02
  46140.417    11.384     3.34    9.27
  46429.745    12.108     2.50    9.86
  46719.072    12.297     0.66    9.27
  47008.396    13.503     4.17    9.51
  47297.717    13.004    -1.72    8.66
  47587.037    11.899    -3.82    7.70
  47876.353    10.815    -3.75    6.79
  48165.668     9.781    -3.57    6.46
  48454.979     8.121    -5.74    5.17
  48744.289     7.408    -2.47    4.89
  49033.596     7.001    -1.41    4.66
  49322.901     6.867    -0.46    4.71
  49612.203     7.159     1.01    5.22
  49901.503     8.465     4.51    5.72
  50190.800     8.998     1.84    5.97
  50480.095     8.960    -0.13    5.65
  50769.388     8.832    -0.44    5.81
  51058.678     9.298     1.61    5.10
  51347.966     9.190    -0.37    4.92
  51637.252     9.669     1.66    4.85
  51926.535    11.899     7.71    7.24
  52215.815    14.348     8.46    8.53
  52505.094    19.263    16.99   10.74
  52794.370    23.694    15.32   11.41
  53083.643    26.748    10.56   11.40
  53372.914    27.899     3.98   10.83
  53662.183    26.831    -3.69   11.09
  53951.449    24.781    -7.09   11.27
  54240.713    23.422    -4.70   10.69
  54529.975    24.848     4.93   12.19
  54819.234    27.728     9.96   13.12
  55108.491    32.454    16.34   14.88
  55397.745    38.418    20.62   15.94
  55686.997    45.263    23.66   14.26
  55976.247    49.073    13.17   13.10
  56265.494    52.918    13.29   10.65
  56554.739    54.865     6.73    9.13
  56843.982    54.187    -2.34    9.80
  57133.222    50.306   -13.42   10.96
  57422.460    44.972   -18.44   11.98
  57711.695    40.211   -16.46   12.50
  58000.928    34.848   -18.54   12.49
  58290.159    31.679   -10.96   10.46
  58579.387    29.498    -7.54    9.32
  58868.613    30.815     4.55    9.68
  59157.837    33.021     7.63   10.58
  59447.058    34.747     5.97   10.94
  59736.277    35.323     1.99   10.63
  60025.493    32.848    -8.56   12.72
  60314.708    28.435   -15.26   13.80
  60603.919    22.187   -21.60   12.22
  60893.129    18.411   -13.06    8.79
  61182.336    16.565    -6.38    5.70
  61471.541    19.481    10.09    9.96
  61760.743    22.165     9.28   11.70
  62049.943    26.665    15.56   12.60
  62339.141    28.972     7.98   11.97
  62628.336    31.086     7.31   11.80
  62917.529    30.711    -1.30   11.41
  63206.720    30.192    -1.80   10.28
  63495.908    30.995     2.78   10.60
  63785.094    30.464    -1.84   10.32
  64074.278    32.998     8.76   10.81
  64363.459    34.332     4.61   11.23
  64652.638    35.363     3.56    9.98
  64941.815    34.581    -2.70    9.36
  65230.989    34.181    -1.38    9.01
  65520.161    35.780     5.53    9.80
  65809.331    37.271     5.15   10.23
  66098.498    39.476     7.62   11.33
  66387.663    42.470    10.35   13.07
  66676.826    45.718    11.23   12.54
  66965.986    50.297    15.84   11.06
  67255.144    54.746    15.38   11.42
  67544.299    55.711     3.34   12.40
  67833.453    58.194     8.59   11.31
  68122.604    57.733    -1.60   10.84
  68411.752    56.625    -3.83   11.39
  68700.899    54.211    -8.35   10.66
  68990.043    53.194    -3.52   10.16
  69279.185    51.625    -5.43   10.45
  69568.324    51.040    -2.02    9.99
  69857.461    49.577    -5.06    9.46
  70146.596    50.215     2.20   10.09
  70435.728    50.709     1.71   10.54
  70724.859    50.108    -2.08   10.35
  71013.986    50.465     1.23   10.27
  71303.112    50.086    -1.31   10.61
  71592.235    49.581    -1.74   10.65
  71881.356    48.366    -4.20    9.96
  72170.475    45.391   -10.29    9.33
  72459.591    43.225    -7.49    8.95
  72748.705    42.498    -2.52    7.81
  73037.817    42.339    -0.55    7.37
  73326.926    42.211    -0.44    7.04
  73616.033    40.526    -5.83    7.98
  73905.138    38.780    -6.04    9.34
  74194.241    37.848    -3.22   10.01
  74483.341    35.281    -8.88    9.96
  74772.439    32.731    -8.82    8.95
  75061.534    30.398    -8.07    7.68
  75350.628    29.297    -3.81    7.61
  75639.719    28.348    -3.28    7.52
  75928.808    27.280    -3.69    7.99
  76217.894    27.651     1.28    8.91
  76506.978    29.581     6.68   10.13
  76796.060    32.125     8.80   12.43
  77085.140    34.849     9.42   13.22
  77374.217    37.368     8.71   12.70
  77663.292    40.131     9.56   11.43
  77952.365    42.381     7.78    9.48
  78241.436    42.931     1.90    9.96
  78530.504    41.677    -4.34    9.73
  78819.570    41.118    -1.93    9.75
  79108.634    42.065     3.27    9.37
  79397.695    43.073     3.49    8.70
  79686.754    42.731    -1.18    8.54
  79975.811    43.306     1.99    8.88
  80264.866    43.987     2.36    9.10
  80553.918    44.177     0.66    9.23
  80842.968    43.177    -3.46    9.82
  81132.016    41.142    -7.04    9.04
  81421.062    41.090    -0.18    8.38
  81710.105    41.615     1.81   10.22
  81999.146    41.350    -0.91   10.95
  82288.185    40.459    -3.08   11.59
  82577.221    38.427    -7.03   12.57
  82866.256    35.374   -10.56   12.22
  83155.438    34.438    -3.24   12.42
  83444.956    34.358    -0.27   13.45
  83734.473    31.952    -8.31   12.89
  84023.986    29.933    -6.97   11.58
  84313.498    31.581     5.69   12.66
  84603.007    34.686    10.72   14.31
  84892.514    37.625    10.15   15.66
  85182.019    38.215     2.04   15.68
  85471.522    38.955     2.56   15.38
  85761.022    37.615    -4.63   14.94
  86050.520    35.476    -7.39   16.21
  86340.016    32.340   -10.83   16.55
  86629.509    27.815   -15.63   15.62
  86919.001    25.493    -8.02   13.56
  87208.490    25.948     1.57   13.20
  87497.976    24.493    -5.03   12.84
  87787.461    23.356    -3.93   13.18
  88076.943    24.798     4.98   13.01
  88366.423    27.937    10.85   13.27
  88655.901    29.221     4.44   12.59
  88945.377    30.142     3.18   12.19
  89234.850    30.748     2.09   11.24
  89524.321    33.967    11.12   10.17
  89813.790    37.933    13.70    9.31
  90103.257    38.918     3.40    9.43
  90392.721    37.493    -4.92    8.56
  90682.184    34.498   -10.35    9.38
  90971.644    31.967    -8.74   10.27
  91261.101    29.503    -8.51   10.50
  91550.557    25.728   -13.04    9.21
  91840.010    22.694   -10.48    7.10
  92129.461    22.290    -1.40    6.88
  92418.910    22.425     0.47    7.31
  92708.357    22.898     1.63    7.81
  92997.801    23.323     1.47    8.27
  93287.243    23.573     0.86    8.11
  93576.683    22.967    -2.09    8.69
  93866.121    20.069   -10.01   10.08
  94155.557    15.864   -14.53   10.47
  94444.990    11.108   -16.43    9.27
  94734.421     7.170   -13.60    6.56
  95023.850     5.118    -7.09    5.96
  95313.277     4.442    -2.34    5.18
  95602.701     4.992     1.90    6.11
  95892.123     5.747     2.61    6.68
  96181.544     8.631     9.97    7.99
  96470.961    11.078     8.45    8.20
  96760.377    14.340    11.27    8.76
  97049.791    17.493    10.89    8.87
  97339.202    19.204     5.91    8.13
  97628.611    22.395    11.03    7.68
  97918.018    24.218     6.30    6.73
  98207.422    24.781     1.95    6.61
  98496.825    23.172    -5.56    7.76
  98786.225    22.782    -1.35    7.72
  99075.623    22.098    -2.36    8.13
  99365.019    21.198    -3.11    7.55
  99654.413    21.728     1.83    7.53
  99943.804    23.201     5.09    7.74
 100233.194    25.340     7.39    8.39
 100522.581    29.882    15.70    9.75
 100811.966    32.879    10.36    9.05
 101101.349    34.747     6.45    8.82
 101390.729    36.493     6.03    7.89
 101680.108    36.679     0.64    7.45
 101969.484    35.677    -3.46    7.00
 102258.858    34.011    -5.75    6.66
 102548.230    32.573    -4.97    6.79
 102837.600    30.573    -6.91    6.02
 103126.967    29.556    -3.52    5.71
 103416.333    27.882    -5.78    6.01
 103705.696    27.415    -1.62    6.52
 103995.057    25.590    -6.30    6.37
 104284.416    23.931    -5.73    5.62
 104573.772    23.118    -2.81    5.46
 104863.127    22.625    -1.70    5.09
 105152.479    22.131    -1.71    5.30
 105441.829    20.881    -4.32    5.73
 105731.178    20.198    -2.36    5.99
 106020.523    19.707    -1.70    6.04
 106309.867    19.021    -2.37    6.28
 106599.209    18.815    -0.72    5.91
 106888.548    18.048    -2.65    6.01
 107177.885    16.913    -3.92    6.21
 107467.220    16.090    -2.84    6.39
 107756.553    15.298    -2.74    6.28
 108045.884    15.608     1.07    6.34
 108335.213    16.298     2.39    6.83
 108624.539    16.548     0.86    7.36
 108913.864    19.187     9.12    8.05
 109203.186    22.798    12.48    9.23
 109492.506    25.069     7.85   10.34
 109781.824    28.526    11.95   10.76
 110071.139    29.970     4.99   11.11
 110360.453    30.847     3.03   10.66
 110649.764    30.481    -1.27   12.30
 110939.074    29.060    -4.91   11.50
 111228.381    27.255    -6.24   11.48
 111517.686    26.987    -0.93   10.50
 111806.989    25.131    -6.41   11.26
 112096.290    24.298    -2.88   11.07
 112385.588    24.493     0.67    9.89
 112674.885    24.918     1.47   11.01
 112964.179    26.165     4.31   11.80
 113253.472    25.060    -3.82   11.58
 113542.762    23.748    -4.54   12.17
 113832.050    24.024     0.96   11.67
 114121.336    23.573    -1.56   11.20
 114410.619    23.297    -0.95   11.06
 114699.901    24.018     2.49   11.62
 114989.180    28.608    15.87   14.83
 115278.458    34.979    22.02   15.30
 115567.733    40.952    20.65   14.02
 115857.006    46.866    20.44   12.95
 116146.277    51.039    14.42   11.68
 116435.546    53.498     8.50   10.55
 116724.813    55.231     5.99    9.65
 117014.078    56.539     4.52    8.11
 117303.340    55.981    -1.93    8.28
 117592.601    54.315    -5.76    8.88
 117881.859    51.849    -8.52    9.68
 118171.116    48.598   -11.24   11.90
 118460.370    45.323   -11.32   13.93
 118749.622    44.281    -3.60   14.05
 119038.872    42.993    -4.45   13.74
 119328.120    40.556    -8.43   13.74
 119617.365    38.315    -7.75   11.89
 119906.609    35.281   -10.49   12.27
 120195.851    33.315    -6.80   12.27
 120485.090    30.452    -9.89   10.60
 120774.327    24.831   -19.43    7.59
 121063.563    22.201    -9.10    6.95
 121352.796    20.257    -6.72    6.72
 121642.027    18.115    -7.41    7.77
 121931.256    15.577    -8.77    8.14
 122220.483    11.916   -12.66    8.37
 122509.708     9.297    -9.06    7.88
 122798.930     8.681    -2.13    8.00
 123088.151     9.315     2.19    8.91
 123377.370    10.465     3.98   10.16
 123666.586    13.031     8.87   11.69
 123955.800    16.797    13.02   13.78
 124245.013    20.832    13.95   15.40
 124534.223    25.039    14.55   15.75
 124823.431    27.048     6.95   15.52
 125112.637    31.018    13.73   15.78
 125401.841    35.298    14.80   12.23
 125691.043    36.315     3.52   10.48
 125980.243    34.636    -5.80   10.29
 126269.441    32.815    -6.30   10.90
 126558.637    33.198     1.33   11.99
 126847.830    34.460     4.36   12.59
 127137.022    34.499     0.14   12.98
 127426.211    37.039     8.78   11.83
 127715.399    39.408     8.19   10.99
 128004.584    39.073    -1.16   10.68
 128293.768    37.815    -4.35   10.39
 128582.949    35.487    -8.05   11.17
 128872.128    30.315   -17.89   14.04
 129161.305    25.073   -18.12   15.09
 129450.480    18.465   -22.85   14.92
 129739.653    14.126   -15.00   13.54
 130028.824    12.039    -7.22   11.88
 130317.993    13.315     4.41   12.82
 130607.160    16.190     9.94   13.44
 130896.325    18.815     9.08   13.92
 131185.488    21.815    10.37   13.42
 131474.649    22.998     4.09   13.62
 131763.807    25.864     9.91   14.25
 132052.964    28.600     9.46   15.77
 132342.119    31.103     8.65   18.18
 132631.271    35.323    14.60   18.52
 132920.422    38.125     9.69   17.16
 133209.570    40.383     7.81   16.10
 133498.717    44.065    12.73   15.68
